125.04046630859375,11.77857780456543,-0.40448504004282115,-0.1500062397118371,0.6681625671376179,-0.5461733058247484,-0.19646638575193462,0.8143068704573465
161.43243408203125,13.39382553100586,-0.4351598538806061,-0.1727297470306428,0.7650634403911029,-0.5164513693031849,-0.19907028334161486,0.8328559331812162
225.15155029296875,13.249964714050293,-0.40657533401183016,-0.18733367573439347,0.8262466081298142,-0.45916506487252984,-0.2066809750490986,0.8639736209823534
243.00111389160156,14.371143341064453,-0.4111764608675227,-0.1970054217344837,0.8714921883611154,-0.4421099947634811,-0.20739651378908683,0.8726542491722411
325.2781677246094,12.134014129638672,-0.3518806890438471,-0.21950366501817214,0.9533021038336541,-0.35625877224821084,-0.21872532265934502,0.9084266180731181
346.40704345703125,11.64813232421875,-0.4626526690124145,-0.3113944221487925,1.321391320193752,-0.33257190271142967,-0.2213452797274167,0.9167345290046028
387.0369567871094,15.687707901000977,-0.4528852782005745,-0.3518335028083275,1.5168295886629695,-0.28566088827538816,-0.21996925497777337,0.9327440076324476
406.62152099609375,17.72938346862793,-0.4237321548627796,-0.35607042628585966,1.552848497823886,-0.2622273720391801,-0.21897201261646548,0.939834061440699
431.9854431152344,16.613136291503906,-0.3628387560753303,-0.35006524058599914,1.5195676271644734,-0.23088033650521594,-0.2221768385574248,0.947275948509127
454.4564514160156,22.607852935791016,-0.31333167720750615,-0.333217721066819,1.5005816058389954,-0.20292398412686463,-0.21603915821267167,0.955064887211775
690.6177368164062,18.323057174682617,0.08853700182734235,-0.19217667736862096,0.8835278466546878,0.11233027413370363,-0.22471813626569523,0.9679275121342091
749.916748046875,18.65874671936035,0.16871148186037246,-0.20806886297857224,0.9545862317081989,0.1898997553303563,-0.2216104943101425,0.956465823611636
774.4395751953125,14.465638160705566,0.19230014520657418,-0.20654855852542892,0.9271513998396201,0.22077343927035067,-0.22539793884732942,0.9489229988129261
805.8524169921875,14.681374549865723,0.2192974808087369,-0.1965825711572252,0.8888015573334562,0.2596687918656975,-0.22290610911129213,0.939619595927987
857.2885131835938,17.350231170654297,0.2565382917323588,-0.17901213689858558,0.8282781570627402,0.32087806519448153,-0.21537493052263362,0.9223073818307088
25.825544357299805,44.883914947509766,-0.47356035073209984,-0.11961114715051066,0.6512658165669007,-0.6217085496978891,-0.15006946076632735,0.7687376900984179
56.615562438964844,20.933685302734375,-0.4094057421018995,-0.12651900072667166,0.6009317929735855,-0.5982846661796806,-0.17851702471005826,0.7811447561770715
101.16825866699219,44.08778762817383,-0.5545928579006559,-0.16178177216914832,0.8503470931816702,-0.5683402577976318,-0.15850747848820446,0.8073814034456286
100.58224487304688,22.107242584228516,-0.4083451056928904,-0.13607895093051184,0.6450171052396495,-0.5664033691297603,-0.18235936633949507,0.8036991258840054
150.17816162109375,46.55695724487305,-0.5779184954488624,-0.1820556720054182,0.9688568659223382,-0.5295388944649564,-0.16066268163072406,0.8329322073134503
182.4694061279297,41.07579803466797,-0.5727239344605147,-0.2006429551171732,1.0275913803113523,-0.5012658170261723,-0.1701163787236252,0.8484061517758132
188.591796875,24.726457595825195,-0.4437943539489145,-0.1748884876296497,0.8238409320339377,-0.49410293332642513,-0.1894362527735246,0.8485141114992416
214.35768127441406,23.35376739501953,-0.4083551407226346,-0.17259398148788146,0.8088509574436696,-0.47044513975992125,-0.1938400002351964,0.860875963646963
255.837646484375,28.155895233154297,-0.40621112758245737,-0.1858694464811185,0.8903231968909501,-0.43090074897122677,-0.19261760310084308,0.8816025201368936
267.1758728027344,46.41614532470703,-0.4207165279790572,-0.17652873042919204,0.9472900217821687,-0.4212110389693505,-0.17194410029870266,0.8905147315024216
296.4125061035156,24.39219856262207,-0.3882148145775851,-0.20481685212276549,0.9547539271069939,-0.388717620487608,-0.20115473865291342,0.8991303479695978
317.10333251953125,31.66450309753418,-0.3613378808268038,-0.19502357584928784,0.9514686236007713,-0.3670889960977848,-0.19430886343481102,0.90966462750543
351.7551574707031,24.17866325378418,-0.46878541862512124,-0.2993914742230654,1.3638695941670014,-0.3276093054647583,-0.2065366374358064,0.9219624506288795
381.8038330078125,46.956207275390625,-0.43689792547011075,-0.27190348159647504,1.4330771732998566,-0.29426308143255037,-0.18050867755143954,0.9385232315901674
410.65570068359375,32.77711868286133,-0.39989198166236,-0.31253849603156564,1.4969357762308626,-0.25837379196100585,-0.20040050673922527,0.9450304865592182
433.037841796875,31.75998306274414,-0.3522088103103144,-0.3116664351973369,1.4846306039278843,-0.23054598900104706,-0.2031443743789406,0.9516201501196355
467.7940368652344,41.033077239990234,-0.2874328387224655,-0.2969488258463984,1.5032852276552922,-0.18678466941476993,-0.19319470935008864,0.9632171570060147
607.3076171875,45.711116790771484,-0.00789371862811996,-0.23263648381004856,1.2376355298267074,0.00015679681128675447,-0.19051044781166743,0.9816851555816447
646.475830078125,35.62498474121094,0.04125437309508986,-0.1835737024737089,0.9329550089235206,0.05342407863761023,-0.2034401653728888,0.9776287469866944
675.908203125,37.3591194152832,0.07384666602655812,-0.1754372408789852,0.9053674494776235,0.09322219595455264,-0.20058843434804605,0.9752301790793857
699.05615234375,25.359079360961914,0.09536241115101128,-0.17919432818446204,0.8616609458933832,0.12378449074755418,-0.21540440092348287,0.9686476882299178
720.7249145507812,38.195770263671875,0.12802077358238168,-0.1773746977198559,0.9213998529609785,0.15291184783361986,-0.1980152418837882,0.9681982910405351
732.832275390625,22.912281036376953,0.15264249249441847,-0.2092837455856168,0.9823962799829566,0.1680607116764477,-0.217103963652673,0.9615723925722414
774.6286010742188,31.514114379882812,0.18139882512723027,-0.17539286688892472,0.8777156582940419,0.22208354006381556,-0.20386674790540493,0.9534764026084744
784.9042358398438,42.86280822753906,0.19548899614377374,-0.16474462225915526,0.8887400320629956,0.23567422206934696,-0.18878305084446823,0.9533197893497559
835.407470703125,39.66170120239258,0.25112076124532434,-0.16723099677301465,0.8846348212251478,0.2971046927566086,-0.18949165695186299,0.9358534679572647
842.4063720703125,18.40556526184082,0.24286414841986023,-0.17929801563359726,0.8339803811512659,0.3036834598183836,-0.21536800961005712,0.9281125883584052
873.5123901367188,20.473108291625977,0.28424042877233624,-0.182338228816883,0.8578027102721247,0.3396479923543646,-0.21010279604395246,0.9167857199935887
955.2125854492188,24.81991195678711,0.5729324081140269,-0.2717211496465188,1.278518814113707,0.42721965772650394,-0.19689752288118975,0.8824481455220471
970.6146240234375,21.53568458557129,0.5175214801149338,-0.24016365329625913,1.1159181191611627,0.44213977770128976,-0.19913346102410184,0.8745617655001942
35.37919998168945,55.825653076171875,-0.4643153551852332,-0.11008335209584902,0.6493510940429715,-0.6457671081104482,-0.12484271489580986,0.7532590116421524
91.79834747314453,68.92168426513672,-0.5750146450712692,-0.13584008520836918,0.8638127284169836,-0.6164352856015785,-0.1394870470498385,0.7749521936033323
110.3496322631836,58.09375762939453,-0.5789635375748945,-0.15447696052207427,0.8988553118102857,-0.6010571087144855,-0.12614908992390758,0.7891874043439575
154.76083374023438,55.14517593383789,-0.549397165178475,-0.1641343992501496,0.9331271372977183,-0.5777072848659445,-0.13035433297149152,0.8057679820446925
169.0821990966797,68.6293716430664,-0.5553380920464759,-0.1541015034986458,0.9704824021053685,-0.5626481258666415,-0.14395875253181695,0.8140657000686364
206.04226684570312,62.25843048095703,-0.498724831762236,-0.15865738805438034,0.952752840664692,-0.526522761628583,-0.1513710273479477,0.8365767111070193
222.103515625,67.35437774658203,-0.5351483337545414,-0.17041873501521,1.0559582669420255,-0.5155001509243363,-0.1371805880519565,0.8458375025137546
251.43215942382812,57.18998718261719,-0.46742510461223163,-0.17365215718192054,1.0016352916460602,-0.4819536299102747,-0.14772435151112046,0.8636539900833718
280.0777282714844,55.979591369628906,-0.4190137162873511,-0.1705004754218966,0.9776062291704608,-0.4673540997091023,-0.14303948301669886,0.8724218313312718
302.34637451171875,51.565799713134766,-0.4024800118918318,-0.18086088952567617,1.0043409667853316,-0.4380072613940368,-0.15762337218738734,0.8850449206149779
316.6055603027344,64.04067993164062,-0.3772628075115445,-0.16179472431581288,0.9882553140823536,-0.4087469117618056,-0.16148708774451895,0.8982471166761297
365.2031555175781,69.20446014404297,-0.39698760831604235,-0.195061630811041,1.225765755624135,-0.38482012362049167,-0.16871174089667965,0.9074413595050214
378.6333312988281,60.13515090942383,-0.43231396505573033,-0.24090187406991978,1.4001991352732976,-0.37027901191243406,-0.15440652778189998,0.9159978589033321
413.6513671875,68.4622802734375,-0.38136780859155767,-0.2337224630050488,1.4505987048766626,-0.31537217652062877,-0.15119125156154167,0.9368466233743366
423.8047180175781,54.09615707397461,-0.3587404256120731,-0.2591004419388401,1.4392795019852078,-0.2989203647367175,-0.16358597422410015,0.9401522454277391
463.8526611328125,52.13710403442383,-0.293539480535617,-0.27284976701933583,1.4936128496792997,-0.25683818116299684,-0.15493703612384102,0.9539542250726936
477.1459655761719,66.53044128417969,-0.2682807455059964,-0.2452033801130261,1.4990946699618524,-0.24342127548266365,-0.17404231526242966,0.9541778425118067
615.3694458007812,61.22513961791992,0.0053414109674674035,-0.2122733399686906,1.2650475532603944,-0.19240542641582614,-0.17863136038469027,0.9649201982406935
632.7926635742188,52.827667236328125,0.03402235263030088,-0.22383594976695884,1.2537862480426378,-0.1757145290648904,-0.1603631832684878,0.9712919508198867
667.588623046875,63.72210693359375,0.06671419173447728,-0.15104596378439158,0.9400609259643025,0.011208306752875232,-0.16996263126506894,0.9853867656068797
693.9786987304688,47.61507797241211,0.09189140730423442,-0.15889473199785797,0.8820463250182886,0.035001510058394344,-0.18100803728717213,0.982858578194787
708.520751953125,54.6779670715332,0.10741913041472843,-0.1496071507794608,0.8758449297580588,0.08255894780073861,-0.16607743221428967,0.982650653410022
732.6185913085938,61.882930755615234,0.13515931211450438,-0.14240117565359034,0.8817712804146042,0.11775013689736734,-0.18669498522140693,0.9753357820534577
759.9476928710938,52.29248809814453,0.16371771645816924,-0.15104828386945585,0.8715972166266793,0.137374241168391,-0.17697507606969026,0.9745810075686557
808.0750122070312,47.15354919433594,0.222764653673972,-0.16069841907765064,0.8933166253472608,0.1694793724006397,-0.16665121351751117,0.9713414000050787
821.694580078125,45.99334716796875,0.23761162839411162,-0.16146772785419988,0.8911792013616595,0.20453742129395147,-0.17798297967095641,0.9625416885713929
838.7007446289062,54.95588684082031,0.23098919526481074,-0.13622622728815464,0.8094456481704921,0.26464678675797754,-0.18188621173664793,0.9470372137560217
880.8289794921875,49.4097785949707,0.2917964147755794,-0.15046797868069567,0.8571607018129137,0.28113457537168735,-0.18247036006612555,0.9421613015975129
954.9364013671875,56.89955139160156,0.5949507578536429,-0.2267480741335123,1.3266374406460222,0.30208518709744037,-0.16997066814507586,0.9380056032383927
969.3015747070312,61.88408279418945,0.6248109856741807,-0.21956666387834967,1.336836608765463,0.35033399017269307,-0.17387112487536185,0.9203450044761777
61.05556106567383,83.70889282226562,-0.8318639374660864,-0.1630961907497969,1.152146064507728,0.4299542724394095,-0.15865159301348644,0.8888020002483012
81.33634185791016,74.21440887451172,-0.557699114701552,-0.1232728794957854,0.8247886298655426,0.4446862087611331,-0.15145689115101768,0.8827881885597012
109.66036987304688,78.92488098144531,-0.588577003164045,-0.13235548135047184,0.9113231650607748,-0.6436895191828198,-0.11193294554386517,0.757056681230715
183.43873596191406,94.01439666748047,-0.5291762704406306,-0.12002160532056712,0.956806643695572,-0.609508072269932,-0.10717999777900654,0.7855013417645343
186.25807189941406,78.50605773925781,-0.5177175684102586,-0.13715005995190968,0.9435190351845779,-0.6011594716859302,-0.11173341465336398,0.7912793019232798
224.6596221923828,77.14387512207031,-0.5078528317268546,-0.14970300238891388,1.0119029731275317,-0.5858783041396743,-0.12367110300724489,0.8009070301972576
248.53343200683594,83.4164810180664,-0.44033932551740246,-0.1302434155322041,0.9406539534489875,-0.5649437859741057,-0.12069230883162427,0.8162547918867833
279.99371337890625,85.41648864746094,-0.48940101686351023,-0.1553715220207516,1.128637930718953,-0.5048129611808118,-0.10864698160086719,0.8563642377008052
301.3441467285156,91.85796356201172,-0.5891139151308835,-0.18576814734203928,1.4297345004602846,-0.5012097618221163,-0.12705987605957136,0.8559465886081583
321.78363037109375,99.79476928710938,-0.6692752236713457,-0.20900161293154382,1.7236600392429584,-0.46568559289849815,-0.13156373032096041,0.875115942850322
364.4994812011719,93.17498016357422,-0.47419909974990054,-0.18603841923194175,1.4450685067461775,-0.4429062883408183,-0.12571124096817607,0.8877109347317971
390.08892822265625,97.1116714477539,-0.42138062940082116,-0.17656116181998707,1.4327741434363215,-0.4110031881671886,-0.12536035618572633,0.9029735103608489
419.8329162597656,87.9957275390625,-0.37183850430779525,-0.1973811786781337,1.459003621554792,-0.3887377194943349,-0.11865892876056801,0.9136755682777877
432.1277160644531,75.6553726196289,-0.3492163641401445,-0.22185732955066473,1.4639473659843354,-0.3667816438613149,-0.10977513240998657,0.9238076888783517
459.2707824707031,90.07760620117188,-0.33122595201553967,-0.21590589715461028,1.6255735934610809,-0.31754460714376403,-0.12042784847288591,0.9405650194357136
485.24053955078125,74.66985321044922,-0.24564409994990538,-0.2230217141899515,1.4619662936474525,-0.2871457072398282,-0.11652806272961552,0.9507726086768705
589.9546508789062,78.79582214355469,-0.05319612140097254,-0.26330708922904245,1.7855935329245038,-0.2500779793052319,-0.1297640336650175,0.9594906460375713
618.2969360351562,74.70156860351562,0.010605162112583846,-0.19661478541775868,1.307460218728347,-0.23406489742909667,-0.14648396021691085,0.9611222987688283
649.263916015625,73.90777587890625,0.05492419100608506,-0.1700742085378891,1.135658200806644,-0.1998788999917094,-0.1285548821834557,0.9713506409144446
657.1090698242188,81.33922576904297,0.07576612763128103,-0.18053494501894118,1.2809673837421607,-0.1653680521978471,-0.1499008816631307,0.974773375194925
691.7550048828125,75.7875747680664,0.09077221758320939,-0.12924038065577778,0.8952710823052731,-0.023714772980600866,-0.1464033769670012,0.9889406760545026
706.4535522460938,85.0135726928711,0.10655493745492524,-0.1175428718765336,0.8882674502708078,0.015265806068676393,-0.1519332339234276,0.9882728609016048
744.23876953125,94.31100463867188,0.15053489710811163,-0.10777013767093081,0.8961176416123119,0.05773939071876171,-0.15276161722297119,0.9865749089972077
781.6922607421875,80.97779846191406,0.20233475165489018,-0.12860220311291334,0.9348703322890668,0.06856294738796274,-0.1426804779809215,0.987391210943571
799.7435913085938,78.63797760009766,0.21577536511803447,-0.12652620687651014,0.9037481239369887,0.11551618458157006,-0.1494842705464563,0.9819931078978662
836.926513671875,94.71353149414062,0.20720233854540976,-0.08678561807284611,0.7399326494742091,0.13549808704675853,-0.13678313191169722,0.9812902950865744
848.1099243164062,91.41866302490234,0.22408070775578598,-0.09232610447371228,0.759865726070878,0.18584333116382035,-0.12327273441288063,0.9748159258097429
868.7721557617188,82.43064880371094,0.2974498064031606,-0.1225545858955643,0.9106051869411343,0.2335876758675409,-0.13953446649078644,0.9622717549340893
962.6759033203125,86.54066467285156,0.4589403373950886,-0.13289628993320857,1.0201215141086275,0.2561230257274319,-0.14176523789223708,0.9561922468926335
972.80712890625,87.57630920410156,0.4823756399214667,-0.13425077813957512,1.0405606926026258,0.3022492389298868,-0.11906920893408772,0.9457631421503562
33.292518615722656,101.54373168945312,-0.7608476106922991,-0.11997727574754413,1.0128515998542589,0.3153644049795487,-0.12278183561433959,0.9409941088631046
75.10225677490234,109.78966522216797,-0.844736314487517,-0.128981623481996,1.197584007544129,0.3389020401202197,-0.13316824427083263,0.9313493576097945
160.17274475097656,121.991455078125,-0.5846525873273338,-0.09090237581886033,0.9990925661612624,0.4399560380056554,-0.12212304097470077,0.8896767095329954
160.5664825439453,109.95317077636719,-0.5281608622934285,-0.09552920941720125,0.9104008016221198,0.4500533451479145,-0.12018931144563083,0.8848765540658186
200.6603546142578,123.65142059326172,-0.5301602397889094,-0.08727101445283238,0.9955499873654619,-0.6429559565230272,-0.06243189858890762,0.7633543711868973
214.8184814453125,122.87508392333984,-0.5023259337476113,-0.08676544171453035,0.9784645583722514,-0.6366785406850435,-0.06909568723784518,0.7680274876827607
263.3651123046875,100.37252044677734,-0.50318337533668,-0.13028446415956968,1.106242426940662,-0.6213442332189842,-0.09058907388307859,0.778283343994023
274.53875732421875,100.5016098022461,-0.48136020716716826,-0.1286488665207628,1.0943134825208565,-0.5928375204445171,-0.08403716999671479,0.8009253575784325
310.3948059082031,112.88258361816406,-0.6727281366507482,-0.17294371031341274,1.6692214341734395,-0.5266067884690075,-0.07448058802001431,0.8468399685575491
340.49359130859375,111.93094635009766,-0.6607787785252335,-0.1905756132999882,1.8147229402690892,-0.5256634187892025,-0.08858134165439058,0.8460681509533116
365.3846130371094,115.11931610107422,-0.5482451818399671,-0.16716119116700692,1.6644302848145276,-0.4908993291870862,-0.07434059398131891,0.8680387806372325
383.8756408691406,106.60507202148438,-0.5112329861137199,-0.1869675970783655,1.677171564569517,-0.47772512171267245,-0.07590119178178224,0.8752243810422088
403.4326477050781,103.26748657226562,-0.39772795395241356,-0.16546134933528103,1.4384592002519214,-0.42905790729386967,-0.10587465282761761,0.89705065078692
436.43548583984375,102.22452545166016,-0.3492416391730094,-0.1742270970562838,1.4971247311784437,-0.4175865370787102,-0.10634310433416853,0.9023927239351962
586.971435546875,109.54730224609375,-0.06380021119788203,-0.2000086992644599,1.875153421967884,-0.3799875079512082,-0.0926073665706025,0.9203441581592663
610.1744384765625,114.33379364013672,-0.00472554069345761,-0.16537698244570437,1.6610145100786329,-0.3462595253132393,-0.09514667904723531,0.9333013717959129
627.5935668945312,121.45248413085938,0.03753933699508156,-0.16672664610766655,1.8473077594793321,-0.31747176055695253,-0.0920300618625587,0.9437913694045112
675.0765380859375,98.85578918457031,0.10633580965714146,-0.15230834938062887,1.2916996522791937,-0.29506590056683474,-0.1038671449559912,0.9498145769156072
703.5068969726562,99.71949768066406,0.11992372900422672,-0.1167203869212179,1.0189809954611653,-0.2710814350778514,-0.1090234721944204,0.956362242075044
719.7611083984375,116.24626159667969,0.13147152503981868,-0.08866264873292788,0.9557303037064261,-0.2296653498246366,-0.11162155617606549,0.9668476898078417
736.05615234375,107.809814453125,0.13744861269885822,-0.09000890279006132,0.8747782212801757,-0.18250243005591238,-0.0813336513197285,0.9798355475214642
774.3475952148438,111.27104949951172,0.19730281629797977,-0.09427692003880693,0.9524576071891894,-0.16885078157929756,-0.09914255125314507,0.9806427321359587
790.1953735351562,97.31877136230469,0.207539300398179,-0.10637984121332215,0.9151753199231198,-0.055613206895278613,-0.0899570732240892,0.9943917217051733
928.1365966796875,109.42427062988281,0.5557692355644297,-0.13755512121399815,1.3445381572125819,-0.027964424559814127,-0.10464294857333958,0.9941166150270881
955.280029296875,112.51276397705078,0.5894501714366857,-0.12893629693829803,1.3153770303009276,0.004127701868857254,-0.09812704647113608,0.9951653354232819
964.2457275390625,118.49085998535156,0.5678723795988099,-0.11133016476471852,1.2397691439371636,0.02825721386609837,-0.08831877923606392,0.9956913794438399
1065.0146484375,97.75957489013672,0.49566084179557124,-0.09758396937497896,0.8657345112185253,0.09334944438037476,-0.11875671432756733,0.9885255302904401
25.893550872802734,135.4561767578125,-0.6677925846481558,-0.06488659596146144,0.8875589975188629,0.13188269014033907,-0.11706976977480096,0.9843280068382806
37.96897506713867,130.4066162109375,-0.7010110628213095,-0.0756029357970999,0.946028727585237,0.15401796119893876,-0.09436521201257239,0.9835515616326093
79.98857879638672,146.85792541503906,-0.7790364680685676,-0.06588726914963772,1.1197735431656202,0.17546622256245306,-0.10539938697839167,0.9788271420247004
102.3538589477539,142.6880645751953,-0.8863772984175812,-0.08498285455261229,1.3161255388416229,0.22535819373730026,-0.09969222152381418,0.9691620842166229
137.4456787109375,142.84266662597656,-0.7832319166349182,-0.08040307585805136,1.2531610638100583,0.24499197892801472,-0.11767070851878816,0.9623577996865934
143.69186401367188,133.65623474121094,-0.7783987763781016,-0.09623635189569249,1.261611113716138,0.40580202927979897,-0.09583084689156941,0.908923078052506
168.61891174316406,135.2159423828125,-0.57695862761695,-0.07398882645049887,1.0042597986879962,0.4340238468368018,-0.09065201280940414,0.8963289089115601
205.81202697753906,134.22605895996094,-0.5231650013535887,-0.07370826091496477,0.9949421912180221,0.4433155963808081,-0.08284531497440736,0.8925289551562571
227.60891723632812,146.68881225585938,-0.4991067686724902,-0.05870670796161603,1.0025920763621352,0.5134149486505866,-0.06951698405461669,0.8553201034876158
242.55130004882812,142.5052032470703,-0.4918888089528425,-0.06492243509177116,1.0261483865562264,0.5343766687589326,-0.10208012780140002,0.8390597257610186
276.1010437011719,149.8929901123047,-0.6918109352061834,-0.08421130068222418,1.5465056129148935,0.528253482984665,-0.16674735821336958,0.8325524465422178
313.64739990234375,146.6891326904297,-0.6842756174541326,-0.10043414986181648,1.7138852105817897,-0.6032035338282488,-0.04904019004578779,0.7960782351863327
322.87835693359375,126.25611877441406,-0.670423871990482,-0.14872623584125177,1.7323084556941049,-0.62787644508915,-0.05374655585663625,0.7764550710992626
350.61541748046875,150.76295471191406,-0.6280578468585879,-0.09501680967265713,1.7920405952836698,-0.6196836887090107,-0.05966773302430463,0.7825802754885496
390.1542053222656,127.75491333007812,-0.5040486339289596,-0.1411053495808119,1.6986553149257715,-0.5908484420758918,-0.04298833439398697,0.8056364698811259
600.2498168945312,147.04830932617188,-0.02340526413909222,-0.08019150161223401,1.4355824886743564,-0.5740421347046408,-0.048357312873511284,0.8173965976656572
611.260009765625,146.00953674316406,-0.002541900498266235,-0.09145453326064891,1.594591189594724,-0.5463609953810316,-0.04928390540854211,0.8360985345005277
687.55810546875,145.42471313476562,0.15109551046806347,-0.08736505485450623,1.5257103978033966,-0.5409161958052463,-0.06017107548270321,0.8389213972660581
753.791748046875,127.90614318847656,0.16457729830085857,-0.07089172421007275,0.9138233407067586,-0.5199056084824405,-0.05927200661958977,0.8521648828130566
773.7857055664062,133.72312927246094,0.22169898948588213,-0.07564356793024679,1.065612063041298,-0.48658098306593434,-0.06181309950801488,0.8714459751744804
806.600341796875,133.68882751464844,0.33324672374005826,-0.09378296472922792,1.3123113679695944,-0.4664156452788582,-0.047340111168411435,0.8832980016470483
816.5929565429688,126.52550506591797,0.3689603616261333,-0.11155530868068644,1.3776315272281718,-0.4517467460946219,-0.05291314327854769,0.8905756995681529
866.2778930664062,142.7154541015625,0.2809008276901086,-0.04954122800812065,0.8730008941243885,-0.41792543788049114,-0.04458660995357698,0.9073865563172332
913.66796875,128.26419067382812,0.5386588025923028,-0.10638153252497246,1.3650550939589985,-0.3775813054947278,-0.04955591733387276,0.9246494302156335
950.99853515625,125.86732482910156,0.5934487288134845,-0.10799031013867377,1.3398882035683368,-0.366723080831791,-0.0760490358435606,0.9272166554438634
1045.595947265625,133.07208251953125,0.3038043880241263,-0.03836648387670733,0.5817119632041791,-0.33581215181367446,-0.04509224631364326,0.9408490250920492
79.9422836303711,160.07815551757812,-0.7354927375570389,-0.043881099651319894,1.061261657979471,-0.25088094922815696,-0.05593971003192734,0.9664002784332809
103.83428192138672,158.02401733398438,-0.8511613139164605,-0.05617134368697615,1.2702673839840752,-0.2183100994809216,-0.05664844432504795,0.9742338806570946
131.27542114257812,157.15415954589844,-0.7920762639515403,-0.056677359424334474,1.2510589522004496,-0.18851537482302785,-0.04991960964643295,0.9808006861886267
149.85401916503906,165.50811767578125,-0.7671900982270818,-0.0432343872408019,1.2600460383713865,-0.1734604402331608,-0.0665187359569424,0.9825918447864345
186.06393432617188,175.82760620117188,-0.6221016623809313,-0.023691846304240514,1.1178569428625247,-0.12045769235637435,-0.061413584685627805,0.9908169941862313
205.3384552001953,164.9811553955078,-0.5094337978971202,-0.03430853328786217,0.9696771967564501,-0.09996859897864888,-0.05735943181381693,0.9933358821668743
222.66873168945312,162.2522430419922,-0.5098088715564013,-0.038179142420754535,1.0102295529476069,-0.052826073542174806,-0.060859954079938536,0.9967474464193549
276.1009216308594,160.8931121826172,-0.6896628387801526,-0.061144504254528775,1.541787219769059,-0.009644344664478973,-0.05301748038422816,0.998547011106488
304.40509033203125,162.976318359375,-0.6969645836929791,-0.06243306547847796,1.6938560050094398,0.005649405874627877,-0.054457857299807656,0.998500088127977
340.7110900878906,167.8212432861328,-0.6815605210663821,-0.05627980488274846,1.8699183560338541,0.04936701718277288,-0.07284776510226253,0.996120525204697
349.8342590332031,174.91946411132812,-0.6541746277018703,-0.03811197075279995,1.8576300138524684,0.11093622981950306,-0.05492745952845228,0.9923084838411815
382.90789794921875,158.707275390625,-0.5152262466800231,-0.07066737163500693,1.6818416400240874,0.14597945963415815,-0.07181400872884555,0.9866776299862142
601.3325805664062,167.39039611816406,-0.013875972855703042,-0.02694444289764074,0.9452214734765249,0.19921395592844346,-0.07787820906654062,0.9768565832894451
612.3502197265625,174.42709350585938,-0.00021961146244997006,-0.014259054113553018,0.7455050673513123,0.22521632949375792,-0.06961261487111384,0.9718187530502614
695.6329345703125,152.53378295898438,0.18157952528307844,-0.07898570530820102,1.6497316604529841,0.26666667229161395,-0.06890661955634397,0.9613224036036163
779.5965576171875,156.34811401367188,0.30139168304920844,-0.05774774774092296,1.3757313952595631,0.278817088960522,-0.0781462133180807,0.9571594434824459
812.650634765625,151.1802978515625,0.35652105143176055,-0.06602000015537376,1.3595339849875485,0.338540212089388,-0.05553404130673149,0.9393117134660965
848.4186401367188,153.13490295410156,0.22189549240949166,-0.033059510222934366,0.7534450743460371,0.39114503972892944,-0.07268549836799133,0.9174542910807333
881.541259765625,152.85948181152344,0.49458234969710935,-0.06418016395406008,1.4013412014636775,0.43026890098915804,-0.07427380508550686,0.8996399694987447
905.389404296875,151.83242797851562,0.5306114219775341,-0.06497884694224847,1.3823426016740992,0.5196779202331925,-0.06181042917848111,0.8521234241979713
925.1102294921875,150.72030639648438,0.5589740947509462,-0.0659421852791494,1.3655271186730245,0.5242639882915735,-0.0644985065978791,0.8491096591296418
953.1422729492188,157.7997589111328,0.602041708770534,-0.052380467422588325,1.3511107252514731,-0.6478749123202725,-0.024994965639760027,0.761336554802583
970.7830200195312,157.8621368408203,0.6292156649035763,-0.051891910279901976,1.3432563901670356,-0.6395825825407565,-0.029087059011516106,0.768171896848978
52.905670166015625,193.5688018798828,-0.6643126393009052,0.001600038172170178,0.9225055659612384,-0.5911939304852953,-0.028186153003012936,0.8060367717022832
85.05192565917969,201.64320373535156,-0.8134731392626166,0.014995963357032075,1.1763746716676358,-0.5733090325238857,-0.030970444965262786,0.818753677710934
99.60942840576172,187.92041015625,-0.7992197970778255,-0.005875620193532404,1.1879798286962275,-0.5517391312350949,-0.03253222227025008,0.833382016591492
137.51898193359375,185.81346130371094,-0.78604393858777,-0.009414338888581628,1.2574247141855845,-0.536635846241772,-0.0231246409907079,0.8434970180785634
164.3192138671875,177.6953125,-0.7479183357561604,-0.022955906356429266,1.2676751520478875,-0.5054466603571028,-0.011267763966130334,0.862784278385423
170.35169982910156,185.84361267089844,-0.7308224498922089,-0.009182295422586261,1.2563455179225076,-0.48780432384410144,-0.024562378077571598,0.8726073751820881
191.96099853515625,196.27517700195312,-0.6452228225274113,0.007445977292524852,1.1717278487547305,-0.4714840292376328,-0.028156633365905515,0.8814249906664463
232.85003662109375,189.78036499023438,-0.48973417306194883,-0.0018201865616447196,0.9974356376671271,-0.4181441821606775,-0.030717602138194633,0.9078611522937072
243.84632873535156,186.79127502441406,-0.46241929555227756,-0.005563523128627752,0.9720559737258532,-0.388020737631564,-0.02849964180556716,0.9212098987661885
289.199462890625,185.51693725585938,-0.7391346558493329,-0.011811143256446933,1.7106079509779606,-0.34749875806890057,-0.022682802911110488,0.9374060505419556
305.5710144042969,186.51878356933594,-0.7079880742490937,-0.009443222274072191,1.7254270319024456,-0.3370307528058399,-0.01348371077792708,0.941397079455203
323.0676574707031,194.470458984375,-0.6858855247680793,0.009535279090166921,1.770658485620963,-0.2976579626338941,-0.035180449462774065,0.9540241471033302
363.37384033203125,177.33372497558594,-0.544446078036187,-0.028588775042568855,1.639345933514751,-0.25227491358638165,-0.02750302829262074,0.9672646749518558
395.8385314941406,191.58685302734375,-0.4520848564501874,0.002684063224160164,1.5684846871676905,-0.23253606446238295,-0.029515872313404596,0.9721398006490245
411.7689514160156,199.39041137695312,-0.38643737693255836,0.01792131737031697,1.4528936864494322,-0.20194857257478938,-0.020963417453536,0.9791717465101175
689.7315673828125,189.60292053222656,0.171004346949687,0.0019381282398549882,1.6775072527561359,-0.17921165750692153,-0.037635602754216034,0.9830904043977586
752.0471801757812,199.03526306152344,0.16272496895878968,0.012027221523774728,0.9177538326587845,-0.11904181266208783,-0.0241163634890506,0.9925963166616066
771.6053466796875,199.91795349121094,0.19502164760867266,0.013927665968309078,0.9606981873103043,-0.09017518118315002,-0.02842705693274516,0.9955201349710254
791.568115234375,199.78146362304688,0.29787899618616215,0.019019839541927357,1.2767364078574548,-0.06940709112703426,-0.025614831718336884,0.997259512913928
837.6802368164062,198.20840454101562,0.14913776661495515,0.006241535886732515,0.5534685609815231,-0.008149370751245166,-0.024788322644363307,0.9996595054401463
854.915283203125,185.30992126464844,0.22813689596861494,-0.003470567024483021,0.7545360703303268,0.00717348997534421,-0.01500594573194349,0.9998616717497794
913.1137084960938,199.26824951171875,0.1678913663375495,0.005956871246918389,0.4785977534799715,0.053703137878610585,-0.04034723458910787,0.9977414863796146
947.9453125,200.88638305664062,0.22321034725004046,0.008508765720285855,0.5559753281555235,0.07587952619668556,-0.04739339779724129,0.9959900417922858
84.30524444580078,211.75904846191406,-0.7812760043150552,0.029466129642009606,1.1312725669334887,0.14608565803288553,-0.040472549111685394,0.9884437026383958
163.13502502441406,212.61123657226562,-0.7407568050630159,0.034868262182683005,1.252995950140025,0.23303969324109758,-0.03902057284506802,0.9716840516695424
183.86268615722656,203.1641845703125,-0.7174698621712611,0.01989605457022024,1.2713961791182622,0.27452387485701774,-0.04547663266657372,0.9605043040063891
196.6152801513672,207.23951721191406,-0.6648317247958386,0.025606544769054773,1.2177248940049834,0.31785039303102686,-0.042271151150341794,0.947198119418766
241.6913299560547,221.79196166992188,-0.6375416971597512,0.052678433224633975,1.3043272527741996,0.3562462475744309,-0.04201511218685761,0.9334470212267341
283.7713623046875,216.13125610351562,-0.6341329194024351,0.048989314052439094,1.4547768259916962,0.3828103110293293,-0.04285582250627616,0.9228324031192982
309.1708984375,227.4526824951172,-0.5083355286451668,0.061655023178495624,1.273789250799313,0.4040765253315036,-0.043844022045333324,0.913673827690663
342.1820068359375,206.88409423828125,-0.5248701569884217,0.03181176805604161,1.4643185655190183,0.4333904621343589,-0.03434549929231028,0.9005515498900264
369.25115966796875,204.59536743164062,-0.43417100083062043,0.025532481649577225,1.3523450355455822,0.4510822673704594,-0.033935751324227124,0.8918369541827619
394.1214904785156,209.8256378173828,-0.40367750980733746,0.03616895450138881,1.3978323032197746,-0.6105987616088626,0.009201717645828682,0.7918866590075184
404.3373718261719,213.88992309570312,-0.3822561532450322,0.04347910349931387,1.3890621256436215,-0.5875827312107188,0.01848642384869415,0.8089528948685692
441.0155029296875,202.45932006835938,-0.3744780480623902,0.02728341533530837,1.6377698852726457,-0.5767984876986004,0.0030735300151541745,0.8168806877395581
457.28045654296875,209.48355102539062,-0.33300857619889135,0.042090542681980335,1.6100921930903886,-0.5469657800604544,0.0006961320073583079,0.8371546755785856
591.4277954101562,219.7418975830078,-0.048661694202244817,0.0684756852308403,1.6931099338422742,-0.5245066491147506,-0.008906589535205537,0.8513597639642523
602.406982421875,225.7838134765625,-0.024495841908367434,0.08509588516927034,1.7490135275544851,-0.5193191527275522,0.000746466108867279,0.8545800491461789
673.1976928710938,223.9285430908203,0.13630783278788153,0.07896188023017213,1.7046170217986973,-0.5001363840933108,0.01332086516063312,0.8658441845144196
691.1968383789062,226.99859619140625,0.1428745850314118,0.06959810160437738,1.391820131379995,-0.4618674977633692,0.005631925078871189,0.8869310547780532
771.2783203125,224.2049560546875,0.17106998974369886,0.03780355066360577,0.8536350263396483,-0.45110038140688785,0.001956101271534496,0.8924710749163671
794.5609130859375,224.6629180908203,0.12970987135739853,0.025307272395307473,0.5900621583453723,-0.40454620332043023,0.00038322937601255514,0.9145174807045904
933.0327758789062,208.60040283203125,0.1936668488041267,0.01230690191839193,0.5117918992210369,-0.38690726729839936,0.0016715387513454034,0.9221171142918277
953.3309326171875,203.23257446289062,0.2380240661147838,0.010910275016949978,0.5798793196117434,-0.3675500397746008,0.011972143691791125,0.9299266831514795
79.3224105834961,232.8218231201172,-0.6784367913370969,0.05189232861038779,0.9835824253341571,-0.28206526892315786,0.008502695520239686,0.9593575393127407
99.93171691894531,249.39181518554688,-0.6490690268426751,0.0727182089581258,0.9793400384045553,-0.26228545523295693,0.01902439570829643,0.9648027841694771
150.22439575195312,238.98272705078125,-0.6813188730555255,0.06950259313261965,1.1279570891498483,-0.22159898808492232,-0.002968458985764427,0.9751333635616147
237.28216552734375,230.7121124267578,-0.691950748268014,0.07317266364188683,1.393515076405863,-0.18091413163363868,0.010650174414298231,0.9834412289304284
253.42941284179688,229.75872802734375,-0.6456877974716718,0.0696867021732525,1.360817290024572,-0.15071029367205874,0.009245517785386582,0.9885347377721037
366.7423095703125,252.80865478515625,-0.32090279505978203,0.08109669445377822,1.0089746898602654,-0.13157944539372515,-0.0073831822692365205,0.99127813360805
371.1199951171875,237.75155639648438,-0.41773321433153965,0.08178321251700278,1.3130178597183892,-0.08075162859813763,0.014521392743750234,0.9966284682024341
399.7026062011719,232.2977752685547,-0.36125809198894804,0.0714378421156883,1.2897116231347425,-0.07648060460811189,-0.008946900071960369,0.9970309273527477
458.2634582519531,244.30859375,-0.20827798614924253,0.07288598339819737,1.040469752699103,-0.0277899731692492,0.009039850558882416,0.9995729080427928
484.7674560546875,239.84519958496094,-0.19657956608797872,0.0764728745923456,1.1748641293982844,0.0016152626239146436,0.0004687414509473502,0.9999985856030537
592.3961791992188,249.10433959960938,-0.03265326552227766,0.09344822306189943,1.202265711113832,0.1140680534887154,0.006063110974456109,0.993454436730043
624.9047241210938,250.01803588867188,0.020094232390295855,0.10206862637745169,1.2852356580553503,0.1975011686056588,0.018842232115855697,0.9801215530169161
653.9481201171875,234.05470275878906,0.08820123979544846,0.09719593353850109,1.6294442462480332,0.22291273052363034,0.019933511990185036,0.9746345826360957
682.1917724609375,249.8974151611328,0.11319581291885229,0.09982332116419493,1.2560499578859279,0.24839485507576084,0.019623346756670206,0.9684600767372701
712.2862548828125,240.78109741210938,0.12361227731252189,0.064768679496972,0.9739182630843572,0.3052754240253998,0.017208544824743162,0.9521085975198034
735.757080078125,244.1556854248047,0.13784209774537826,0.06221922110900972,0.8855478962376244,0.3258039030056022,0.00012391953839496327,0.9454373598659321
766.9306640625,232.4449920654297,0.14995625997954046,0.042231555316059974,0.7772519189308609,0.3915186422104666,0.01798450171801099,0.9199944078632367
789.7504272460938,235.8948974609375,0.13336808378687823,0.035408848855140715,0.619359820521168,0.4282514724322336,0.019694625415345116,0.9034449612950272
874.095947265625,255.02218627929688,0.13169790956994218,0.03330364472146884,0.4393291889956629,0.657772819440713,0.051175894369453474,0.7514758451477345
889.0562744140625,254.0673828125,0.14167227863345,0.033360118582181804,0.44564789194669396,-0.6387691159512373,0.03215321173516293,0.7687263410876387
950.4574584960938,255.7722625732422,0.1704524597664155,0.03395608699727181,0.44005399392244127,-0.587970834777641,0.02984717189607648,0.808331271064463
1002.3556518554688,243.92713928222656,0.1967726483821237,0.02798884406271227,0.4402739512750451,-0.5252669642520087,0.03240562634031123,0.8503202288826082
123.34820556640625,261.92425537109375,-0.5767755615199086,0.08260416465970952,0.9172417363892612,-0.4527629698325017,0.045308646383976026,0.8904789833069082
168.54307556152344,255.4322967529297,-0.5696249217856494,0.08184262874778597,0.9917993757399679,-0.40998221108413163,0.03918982037348898,0.9112511972961462
217.39718627929688,260.09552001953125,-0.4494352188894542,0.07788158833758066,0.8880167456965772,-0.3824079288074089,0.05419654364444509,0.9224027919744299
245.08468627929688,270.2393493652344,-0.313324234784258,0.06760119947828498,0.6848807333654533,-0.34576144106131046,0.028270905980325584,0.937896466434466
282.74432373046875,259.3690185546875,-0.39786536768747405,0.08238318450778097,0.9377781047462697,-0.31413093903163586,0.025585068338299412,0.9490348557462088
296.374267578125,257.22998046875,-0.3847764572690553,0.08059241305942197,0.9454369960612966,-0.2840297018056117,0.0328056992535688,0.9582540970894409
325.46612548828125,257.08447265625,-0.3496444490107668,0.08068831869612449,0.946262034126481,-0.27138572780790043,0.03836118645780208,0.9617058833737714
498.1100769042969,274.7079772949219,-0.11118658034740549,0.08161954868770838,0.7687075656793435,-0.22516790336878537,0.023364862985089652,0.9740397827964693
546.7781982421875,274.10614013671875,-0.07163594812437783,0.09088246370867259,0.8503763973086579,-0.20403951391861427,0.033029972134945004,0.9784052829480329
551.9635620117188,260.5765380859375,-0.06434646925985679,0.07437686030857307,0.8309610800106375,-0.1639409322025288,0.03282858980616716,0.9859237569101904
599.4930419921875,277.586669921875,-0.014283542413788581,0.09043266082545855,0.8154913585108048,-0.14507952582763034,0.05691558183091807,0.9877816295773463
612.5165405273438,271.3117980957031,-0.0005170383617771897,0.08307001596194932,0.8071564063383173,-0.08485254827333338,0.045871901011940365,0.9953370352544271
640.5460205078125,275.78125,0.025979795762976588,0.08226880125569765,0.7620845372895323,-0.07115470278541285,0.030917561077390004,0.9969860142893406
703.5928344726562,262.82568359375,0.1195579729223222,0.09765127447082846,1.0282544283715855,-0.02190017998954295,0.04796255764552787,0.9986090201778296
713.2244873046875,270.03558349609375,0.1004016437151015,0.0812950868588735,0.7990585967993125,-0.006646823815873946,0.0563433725626321,0.9983893249135977
760.0709228515625,278.59197998046875,0.126968344963551,0.07782109751721401,0.699574249318011,0.05311316696219076,0.05344268636980438,0.9971573951833406
825.1185913085938,268.9578857421875,0.12404281615420915,0.04695522762389796,0.49768820559560384,0.09130353078005532,0.05355086732174852,0.9943822051284827
894.5216674804688,274.16326904296875,0.14649976701590772,0.04454800996215623,0.4512059184441557,0.11587519675477934,0.057635340045502706,0.9915901907314738
1011.482666015625,263.43597412109375,0.20662164892928558,0.038940050463205284,0.4499647569965382,0.2222250764603631,0.052804113314717356,0.9735644513894457
52.0330810546875,291.0500793457031,-0.42100100017918385,0.07376520052865909,0.6111708246220311,0.4126631791361503,0.02961578237228461,0.9104021122667296
77.920166015625,309.2679138183594,-0.3935865808006568,0.08576536926969516,0.6006264319533655,0.433727716445482,0.022576009638663106,0.9007611180417272
256.84906005859375,307.95550537109375,-0.2861771279732322,0.09348869262475804,0.6501480274230219,0.6552931413437756,-0.022473930667871355,0.7550402779641244
286.40087890625,292.9088134765625,-0.2739243588937176,0.08505571317016451,0.6754697491341504,-0.6474694363054491,0.06600232980494154,0.7592279114407107
409.9249572753906,297.9764709472656,-0.16585801461858216,0.0874600189625529,0.6602481240329224,-0.641229197184335,0.06558865479105927,0.7645411990475284
426.1133728027344,303.17095947265625,-0.14593731788905814,0.08791040280348929,0.6349881762312528,-0.5910393127821361,0.05330302827600906,0.8048796915829269
489.7731628417969,286.121337890625,-0.12197076269467488,0.09476781218317618,0.7845035093931116,-0.5750289980399862,0.07274977017574016,0.8148920924591834
553.8818969726562,303.8118591308594,-0.04443503613438506,0.0850858648470551,0.6132861303846934,-0.5354042798672289,0.06299581356416808,0.842243304855101
579.1551513671875,307.7757568359375,-0.027427685264581312,0.09392876615629858,0.6490427016682381,-0.45683378810266206,0.05618735039512138,0.8877758003591604
617.18359375,286.22259521484375,0.0038098645906412426,0.0947976729169898,0.7816428067761894,-0.44086761925464246,0.05551048930913226,0.8958539657050161
642.8399658203125,286.6336975097656,0.026548635687972492,0.087523019983822,0.7244740679815045,-0.31596151553758217,0.08881983311997602,0.9446053980068787
697.825927734375,297.6727294921875,0.0673572225922957,0.08666932439432566,0.6513292511828465,-0.3112574715468642,0.06926752039751535,0.9477978671764528
710.7211303710938,294.0364685058594,0.08619273926984862,0.09277365533600508,0.713237836100746,-0.2767710041815317,0.06280274268605911,0.9588814456206017
933.739013671875,306.87774658203125,0.15819677115955944,0.05840777598073773,0.4318967380159948,-0.2022134662840475,0.08023522254035029,0.9760491909311185
945.3722534179688,299.5450439453125,0.1656852000947683,0.055236143909826056,0.43554614568967587,-0.16741931552220576,0.07470702660978695,0.983051185323125
964.3394165039062,298.2749938964844,0.17476021095342825,0.054563646852394516,0.4348252813979765,-0.13006631358928114,0.05734573945503494,0.9898455537282823
83.96603393554688,319.50048828125,-0.3866947091379355,0.09290108475340425,0.5974090192979655,-0.020498444546026767,0.08850789336201229,0.9958645322451303
106.56474304199219,315.50360107421875,-0.3715220682027213,0.09025477499834299,0.5993753893388398,0.02453215079433527,0.08975539105617486,0.9956616610846063
182.30702209472656,317.20318603515625,-0.31727116529351684,0.09224445978362744,0.6019592165823494,0.06475549862634392,0.06764137146600753,0.9956060316530083
211.43377685546875,332.8887939453125,-0.27676274876850177,0.09709531996896148,0.5681031066158765,0.10335472649628816,0.0891367009497577,0.9906424425869664
543.9343872070312,326.2422180175781,-0.043577336109230536,0.08489201994531036,0.5248386703004418,0.1442364396467212,0.07626122006565161,0.9866002613987774
619.2806396484375,330.74365234375,0.0036334193945532583,0.08611661129786241,0.5160840709900952,0.17548160887853642,0.08044912213047924,0.9811901669369885
675.9159545898438,317.5975646972656,0.04214479915173296,0.08646752417858483,0.562166894173418,0.21647544237335792,0.0640047489857766,0.9741877513890875
692.09375,323.6803894042969,0.05048589331552441,0.08595016198332099,0.5376124703739987,0.24556985045024685,0.06817180486600156,0.9669788278815391
958.7191162109375,314.3745422363281,0.17877094615817649,0.06510718305251417,0.4491914345496755,0.3466379339371883,0.09066051272594569,0.9336074197370253
342.3166809082031,352.7502136230469,-0.15194196206555732,0.09028180441719194,0.476851228690742,0.3635990124578064,0.08881748133107568,0.9273118208831977
392.0879211425781,360.6122131347656,-0.12505976789935128,0.09588383233053424,0.4807819178896285,0.4292274551526138,0.08822584279521317,0.8988770730229386
421.9559020996094,344.9903564453125,-0.1074911370699555,0.08628304574214216,0.47784601272496585,0.48049499393567885,0.07138968789552737,0.8740869941058105
531.2467651367188,349.81451416015625,-0.04515872313549482,0.08704655018039081,0.46866412206768954,-0.6475232893945804,0.0909504254228554,0.7565987112115802
548.4282836914062,356.41839599609375,-0.03531859978874119,0.08978527165397077,0.4646680952543613,-0.6380645182557709,0.0903604103803337,0.7646624528371511
621.85302734375,342.84088134765625,0.004997378676834341,0.09231617138276683,0.5104014055322348,-0.5562006270128933,0.08817985585764619,0.8263565668229359
637.458984375,365.2570495605469,0.013206409738104842,0.10009136113219287,0.4865735747895492,-0.519085602013056,0.08309232256662372,0.8506737351730258
844.4595336914062,351.57830810546875,0.12354993872524113,0.08699267500265954,0.46159423616026957,-0.47468976375426675,0.09118800423573217,0.8754166871098715
869.4768676757812,354.5876770019531,0.14373449158333873,0.092911834486327,0.4806089323505172,-0.4473863344321834,0.10504713202559933,0.8881500818085483
877.5418090820312,357.657958984375,0.15225997395873989,0.09715847641736304,0.4915020502059023,-0.4095737682436921,0.09360886652149888,0.9074616843014489
953.1771240234375,360.0860290527344,0.18078567863747058,0.09176119418084201,0.4603435211344905,-0.39520291926334994,0.09156549851818503,0.9140188247989439
