50.5703,16.5534,-0.453948,-0.140265,0.62384,-0.453948,-0.601964,-0.182401,0.777412
68.5839,16.9377,-0.451508,-0.143821,0.640035,-0.451508,-0.589367,-0.184136,0.7866
143.898,14.0229,-0.462982,-0.173666,0.754488,-0.462982,-0.53119,-0.196281,0.824203
160.2,12.2011,-0.480352,-0.188961,0.808232,-0.480352,-0.517355,-0.200249,0.832012
185.482,17.5893,-0.498486,-0.20087,0.884404,-0.498486,-0.496065,-0.197181,0.8456
220.932,11.1054,-0.455008,-0.207506,0.881221,-0.455008,-0.462906,-0.208659,0.861498
321.109,10.079,-0.394242,-0.243183,1.02211,-0.394242,-0.36064,-0.220779,0.906198
349.739,11.8591,-0.528056,-0.356712,1.49885,-0.528056,-0.328805,-0.2214,0.918079
391.13,22.7251,-0.48203,-0.363415,1.62416,-0.48203,-0.281328,-0.211573,0.935998
405.563,22.7437,-0.460116,-0.371226,1.65911,-0.460116,-0.263888,-0.21264,0.940823
430.027,19.6785,-0.404376,-0.377587,1.65726,-0.404376,-0.233529,-0.218201,0.947551
450.398,22.6348,-0.352425,-0.364533,1.62998,-0.352425,-0.208086,-0.215766,0.954015
652.855,17.5592,0.060271,-0.236098,1.04587,0.060271,0.0617421,-0.226698,0.972006
679.147,15.3078,0.0974525,-0.240663,1.05285,0.0974525,0.0969524,-0.228937,0.968601
689.537,18.3474,0.112416,-0.237046,1.05613,0.112416,0.110894,-0.224723,0.968092
743.388,18.8342,0.216676,-0.271731,1.21066,0.216676,0.181515,-0.221746,0.958061
773.416,16.4033,0.239503,-0.249248,1.09787,0.239503,0.219614,-0.223034,0.94975
806.755,12.6891,0.281185,-0.247851,1.07111,0.281185,0.260617,-0.22531,0.938784
813.301,13.5309,0.28149,-0.239012,1.03919,0.28149,0.268624,-0.223759,0.936895
842.507,17.3396,0.297395,-0.216176,0.963858,0.297395,0.303712,-0.216671,0.9278
874.658,14.434,0.352167,-0.228652,1.00127,0.352167,0.34038,-0.217339,0.914825
969.598,19.4147,0.635841,-0.294649,1.31753,0.635841,0.440916,-0.20172,0.874587
36.9869,43.5184,-0.51078,-0.130149,0.681014,-0.51078,-0.614167,-0.152622,0.774277
53.0245,18.7561,-0.455732,-0.139609,0.628696,-0.455732,-0.600527,-0.180385,0.778992
99.9988,43.2218,-0.605433,-0.174257,0.893188,-0.605433,-0.569141,-0.159336,0.806654
114.431,47.172,-0.583759,-0.168132,0.886686,-0.583759,-0.558436,-0.156442,0.814663
152.809,46.4174,-0.617155,-0.192372,1.01002,-0.617155,-0.527326,-0.16108,0.834254
172.447,45.0412,-0.624537,-0.205564,1.06571,-0.624537,-0.51044,-0.16458,0.844017
185.563,23.7661,-0.49911,-0.193808,0.885548,-0.49911,-0.496691,-0.190192,0.846832
213.311,23.3415,-0.454225,-0.189055,0.863506,-0.454225,-0.471419,-0.19374,0.860366
257.968,28.2045,-0.448589,-0.203936,0.956406,-0.448589,-0.428774,-0.192777,0.882604
267.106,45.3334,-0.461295,-0.192235,1.0073,-0.461295,-0.421185,-0.173239,0.890276
302.684,24.3952,-0.422051,-0.224778,1.02778,-0.422051,-0.382028,-0.201761,0.901857
319.344,28.7033,-0.402046,-0.220483,1.03505,-0.402046,-0.364363,-0.198116,0.909939
350.668,26.134,-0.514917,-0.320674,1.46742,-0.514917,-0.329022,-0.20404,0.922015
386.895,40.862,-0.467998,-0.307847,1.54821,-0.467998,-0.287751,-0.188553,0.938961
397.255,23.7443,-0.467725,-0.360537,1.62151,-0.467725,-0.274037,-0.210772,0.938338
438.133,27.7549,-0.375973,-0.349882,1.61453,-0.375973,-0.2239,-0.208538,0.95204
454.566,38.9427,-0.338779,-0.324,1.60863,-0.338779,-0.203693,-0.195214,0.959375
618.462,45.6433,0.018565,-0.30154,1.58054,0.018565,0.0153868,-0.190577,0.981552
649.639,32.2053,0.0560696,-0.216705,1.05063,0.0560696,0.0576567,-0.207842,0.976462
653.743,44.5465,0.0768453,-0.248347,1.30045,0.0768453,0.0634231,-0.191656,0.979411
685.253,22.503,0.106301,-0.230868,1.05467,0.106301,0.105321,-0.219537,0.969903
718.571,35.2741,0.168361,-0.234021,1.15717,0.168361,0.149958,-0.20188,0.967862
732.832,22.9123,0.199378,-0.264687,1.20884,0.199378,0.168061,-0.217104,0.961572
780.808,29.3944,0.240087,-0.220498,1.05427,0.240087,0.229722,-0.206178,0.951167
784.84,33.4764,0.248253,-0.216781,1.06441,0.248253,0.235023,-0.200748,0.951033
827.745,34.5747,0.313058,-0.217931,1.07806,0.313058,0.2876,-0.196436,0.937389
855.06,33.9461,0.314709,-0.19559,0.967742,0.314709,0.319709,-0.195114,0.927209
864.961,27.6908,0.342137,-0.212482,1.0091,0.342137,0.330578,-0.202019,0.921904
952.746,27.7971,0.750965,-0.345524,1.62195,0.750965,0.425044,-0.193631,0.88422
972.466,21.5045,0.602638,-0.273941,1.24152,0.602638,0.443946,-0.198971,0.873683
34.2245,61.152,-0.517372,-0.115107,0.686033,-0.517372,-0.61769,-0.133747,0.774965
74.646,64.7537,-0.614973,-0.141928,0.865075,-0.614973,-0.589947,-0.133446,0.796338
101.424,57.2869,-0.631064,-0.162748,0.931309,-0.631064,-0.569423,-0.144029,0.809329
110.324,62.4856,-0.640805,-0.162052,0.961287,-0.640805,-0.563064,-0.139081,0.814626
156.874,54.2206,-0.605917,-0.179794,1.00083,-0.605917,-0.524656,-0.152619,0.837522
184.523,58.4074,-0.589299,-0.180217,1.03523,-0.589299,-0.501093,-0.150337,0.852235
186.807,58.5288,-0.593671,-0.182387,1.04801,-0.593671,-0.499072,-0.1504,0.853409
216.772,67.2078,-0.585757,-0.180672,1.11034,-0.585757,-0.472376,-0.14278,0.869756
249.545,70.251,-0.484864,-0.158639,1.00683,-0.484864,-0.440942,-0.141739,0.886273
267.232,47.4819,-0.465122,-0.190985,1.01565,-0.465122,-0.42125,-0.170667,0.890742
313.608,67.0539,-0.419715,-0.171107,1.05798,-0.419715,-0.373786,-0.150441,0.915233
316.606,64.0407,-0.413108,-0.174485,1.05232,-0.413108,-0.370279,-0.154407,0.915998
365.203,69.2045,-0.428166,-0.207435,1.29726,-0.428166,-0.315372,-0.151191,0.936847
382.819,51.0236,-0.47237,-0.283894,1.53459,-0.47237,-0.293329,-0.175432,0.939777
413.631,66.3934,-0.408585,-0.251923,1.53551,-0.408585,-0.256753,-0.157614,0.953539
446.498,62.2674,-0.348122,-0.266389,1.57081,-0.348122,-0.215181,-0.164636,0.962597
468.901,51.1117,-0.30103,-0.290987,1.57517,-0.30103,-0.185821,-0.180194,0.96592
475.18,71.6904,-0.285787,-0.245347,1.56417,-0.285787,-0.178482,-0.153487,0.971898
597.985,73.2989,-0.0289241,-0.276783,1.79467,-0.0289241,-0.0126552,-0.153822,0.988018
616.301,71.6249,0.0140865,-0.248515,1.59478,0.0140865,0.0125144,-0.156067,0.987667
651.506,55.4144,0.0856125,-0.269196,1.52051,0.0856125,0.060552,-0.177367,0.98228
664.178,67.0769,0.0928238,-0.204062,1.27189,0.0928238,0.0779852,-0.161674,0.983758
681.042,47.9764,0.11064,-0.215313,1.16069,0.11064,0.100399,-0.186579,0.977296
729.51,60.8928,0.171587,-0.180204,1.07595,0.171587,0.165359,-0.16807,0.971807
732.619,61.8829,0.176005,-0.17868,1.07563,0.176005,0.169479,-0.166651,0.971341
775.881,44.8823,0.225058,-0.191952,1.01941,0.225058,0.224439,-0.186713,0.956434
794.612,61.799,0.26008,-0.175523,1.05767,0.26008,0.248874,-0.163885,0.95457
817.489,49.1193,0.293247,-0.193776,1.06066,0.293247,0.276251,-0.17878,0.944311
842.873,55.9686,0.291011,-0.163023,0.943196,0.291011,0.307088,-0.168408,0.936662
879.792,48.4981,0.360076,-0.183541,1.00428,0.360076,0.349097,-0.175084,0.920585
954.928,55.9013,0.758061,-0.285215,1.62739,0.758061,0.429861,-0.159855,0.888631
965.175,60.887,0.785756,-0.275827,1.638,0.785756,0.440525,-0.152996,0.884607
46.0464,95.3149,-0.948024,-0.155771,1.24573,-0.948024,-0.612362,-0.0981061,0.784466
71.1099,91.2694,-0.835339,-0.150213,1.15233,-0.835339,-0.594561,-0.104194,0.797271
83.236,75.064,-0.609217,-0.130822,0.870631,-0.609217,-0.584554,-0.122891,0.801994
110.833,79.0226,-0.652805,-0.143435,0.979318,-0.652805,-0.564044,-0.120674,0.81688
139.821,95.4417,-0.61002,-0.120796,0.971938,-0.61002,-0.542119,-0.104132,0.833824
179.917,78.2133,-0.573346,-0.146512,0.997662,-0.573346,-0.506809,-0.12692,0.852664
207.655,92.0229,-0.565055,-0.135645,1.04901,-0.565055,-0.482715,-0.112594,0.86851
222.647,85.3929,-0.560225,-0.148842,1.0791,-0.560225,-0.468195,-0.121537,0.875227
247.514,82.4043,-0.48568,-0.141499,1.00284,-0.48568,-0.443848,-0.12687,0.887076
283.916,87.3674,-0.516774,-0.159358,1.17859,-0.516774,-0.40702,-0.123196,0.905073
295.28,94.7596,-0.642847,-0.188166,1.50545,-0.642847,-0.39542,-0.114674,0.911314
322.806,99.7809,-0.703969,-0.21524,1.79951,-0.703969,-0.365642,-0.109846,0.924251
357.18,96.7463,-0.590279,-0.212173,1.71635,-0.590279,-0.326296,-0.115463,0.938189
374.74,92.0979,-0.482767,-0.195842,1.51392,-0.482767,-0.305368,-0.122327,0.944344
414.674,94.1562,-0.396545,-0.189471,1.49835,-0.396545,-0.256781,-0.121455,0.958808
447.931,90.0809,-0.363043,-0.217701,1.64899,-0.363043,-0.21452,-0.128144,0.968277
465.221,86.9874,-0.317873,-0.220174,1.61735,-0.317873,-0.192036,-0.132867,0.972352
474.217,77.8181,-0.288109,-0.232486,1.56519,-0.288109,-0.179966,-0.145348,0.972875
585.832,96.1062,-0.04337,-0.163687,1.32946,-0.04337,-0.0294762,-0.122965,0.991973
616.255,74.7306,0.0136409,-0.235223,1.55161,0.0136409,0.0124587,-0.1519,0.988317
632.589,81.8637,0.0504803,-0.231344,1.63001,0.0504803,0.0349483,-0.142223,0.989218
653.211,75.9684,0.0861816,-0.218761,1.46644,0.0861816,0.0631634,-0.149949,0.986674
687.423,73.7775,0.119003,-0.173077,1.14775,0.119003,0.109626,-0.152269,0.982241
717.972,81.8938,0.161362,-0.156296,1.11907,0.161362,0.150793,-0.140642,0.97851
744.269,96.3941,0.198487,-0.133173,1.1084,0.198487,0.185947,-0.120488,0.975144
783.854,83.0933,0.262714,-0.156245,1.13214,0.262714,0.236413,-0.136663,0.961994
794.351,93.1694,0.273477,-0.138194,1.11214,0.273477,0.250044,-0.122974,0.960393
834.628,74.0343,0.308061,-0.153921,1.0311,0.308061,0.298421,-0.145882,0.94322
843.821,77.1938,0.29881,-0.139692,0.964004,0.29881,0.309532,-0.141303,0.940332
868.772,83.4342,0.370437,-0.146965,1.0747,0.370437,0.338961,-0.131891,0.93151
957.17,77.3613,0.751686,-0.234414,1.60422,0.751686,0.433803,-0.133687,0.891035
966.678,86.5407,0.574062,-0.160352,1.20366,0.574062,0.443937,-0.121856,0.887733
51.0071,104.056,-0.988246,-0.148633,1.308,-0.988246,-0.609509,-0.088941,0.787775
67.5883,100.667,-0.974835,-0.157758,1.32926,-0.974835,-0.597691,-0.0936504,0.796238
152.469,103.842,-0.598374,-0.110767,0.979417,-0.598374,-0.532159,-0.0952307,0.841271
183.951,101.416,-0.638457,-0.131283,1.11617,-0.638457,-0.504823,-0.0999525,0.857417
211.81,112.609,-0.556376,-0.106049,1.04371,-0.556376,-0.480054,-0.0881555,0.872798
213.8,120.756,-0.549582,-0.0938786,1.03639,-0.549582,-0.478586,-0.0784197,0.874532
263.46,99.2957,-0.551676,-0.14071,1.18331,-0.551676,-0.4289,-0.107208,0.896968
274.539,100.502,-0.524093,-0.136385,1.1622,-0.524093,-0.417587,-0.106343,0.902393
299.74,98.8524,-0.657155,-0.186285,1.55936,-0.657155,-0.390863,-0.109793,0.913877
345.301,106.894,-0.650128,-0.198041,1.80295,-0.650128,-0.340528,-0.101839,0.934703
349.248,112.94,-0.624049,-0.178463,1.75778,-0.624049,-0.336239,-0.094214,0.937052
377.717,121.432,-0.534853,-0.152473,1.69243,-0.534853,-0.303024,-0.084227,0.949254
415.71,102.282,-0.39139,-0.171545,1.48679,-0.39139,-0.255812,-0.110795,0.960357
428.108,104.203,-0.370691,-0.169399,1.50353,-0.370691,-0.240304,-0.108706,0.964592
463.812,104.493,-0.367073,-0.207361,1.84219,-0.367073,-0.194428,-0.109463,0.97479
481.254,117.4,-0.42545,-0.229922,2.40663,-0.42545,-0.171824,-0.0925248,0.980773
565.994,121.184,-0.0544193,-0.0816418,0.914773,-0.0544193,-0.0569929,-0.0885789,0.994437
587.987,110.552,-0.0252946,-0.0883255,0.856715,-0.0252946,-0.0265647,-0.103273,0.994298
675.06,99.8591,0.187567,-0.248795,2.12032,0.187567,0.0933417,-0.117396,0.988689
702.219,101.904,0.178776,-0.162981,1.43685,0.178776,0.130195,-0.114145,0.984896
717.737,98.2118,0.161901,-0.13225,1.12423,0.161901,0.150915,-0.118778,0.981385
743.203,99.4876,0.197586,-0.129005,1.11209,0.197586,0.184641,-0.116381,0.975891
781.325,114.221,0.280382,-0.117936,1.22316,0.280382,0.23435,-0.095546,0.967446
786.317,115.277,0.298578,-0.120139,1.26418,0.298578,0.240715,-0.0939867,0.966034
843.095,96.5949,0.263213,-0.10163,0.856947,0.263213,0.309686,-0.116339,0.943695
926.047,110.686,0.705509,-0.167715,1.65296,0.705509,0.403652,-0.0943511,0.910034
964.919,102.15,0.557677,-0.132109,1.17624,0.557677,0.443152,-0.102902,0.890521
965.831,122.53,0.748347,-0.132565,1.56014,0.748347,0.445074,-0.0777933,0.892109
1049.7,96.332,0.567801,-0.115447,0.97458,0.567801,0.521333,-0.104716,0.846904
26.6364,133.33,-0.726783,-0.0693541,0.934304,-0.726783,-0.627311,-0.0560641,0.776748
30.8715,129.5,-0.724046,-0.0745838,0.937485,-0.724046,-0.624372,-0.0603615,0.778791
61.5068,149.933,-0.880755,-0.061986,1.19192,-0.880755,-0.604169,-0.0390643,0.795898
86.008,149.912,-0.831841,-0.0612553,1.17899,-0.831841,-0.586515,-0.0397286,0.808964
131.304,150.026,-0.858032,-0.0686638,1.32591,-0.858032,-0.551549,-0.0407848,0.833145
158.416,133.985,-0.64582,-0.0784634,1.06679,-0.64582,-0.528603,-0.060343,0.846722
183.772,134.977,-0.621146,-0.0791069,1.08615,-0.621146,-0.506605,-0.0601081,0.860081
203.965,129.199,-0.580863,-0.0847733,1.06739,-0.580863,-0.488095,-0.0678069,0.870153
228.665,148.868,-0.532542,-0.0559615,1.04275,-0.532542,-0.465457,-0.044695,0.883941
239.292,137.317,-0.532429,-0.0732217,1.07152,-0.532429,-0.454788,-0.0592112,0.888629
276.101,149.893,-0.726022,-0.0824641,1.60003,-0.726022,-0.417925,-0.0445866,0.907387
320.962,145.708,-0.707496,-0.102493,1.79596,-0.707496,-0.369448,-0.0509936,0.927851
321.864,126.256,-0.702085,-0.149359,1.78846,-0.702085,-0.367855,-0.0760128,0.926771
361.792,145.935,-0.600297,-0.10082,1.77474,-0.600297,-0.32264,-0.0516438,0.945112
377.805,137.557,-0.537487,-0.115678,1.70078,-0.537487,-0.303395,-0.063035,0.950778
398.155,144.99,-0.481952,-0.0958927,1.67214,-0.481952,-0.278824,-0.0536549,0.958842
424.63,144.631,-0.505321,-0.11617,1.99428,-0.505321,-0.245782,-0.054638,0.967784
469.03,149.649,-0.445705,-0.118066,2.30351,-0.445705,-0.188521,-0.04853,0.980869
489.5,149.567,-0.395989,-0.122552,2.39067,-0.395989,-0.161379,-0.0488813,0.985681
516.782,140.646,-0.238762,-0.11859,1.86759,-0.238762,-0.124551,-0.0614004,0.990312
534.853,144.711,-0.146952,-0.082808,1.43135,-0.146952,-0.0999693,-0.055975,0.993415
568.112,143.382,-0.0531774,-0.0554746,0.936609,-0.0531774,-0.0541935,-0.0580111,0.996844
598.219,149.067,-0.00487418,-0.0163707,0.322081,-0.00487418,-0.012467,-0.0502192,0.99866
693.63,149.506,0.298625,-0.131548,2.62578,0.298625,0.119238,-0.0492608,0.991643
710.749,133.409,0.121178,-0.0624525,0.896873,0.121178,0.142224,-0.0711514,0.987274
756.861,129.956,0.224277,-0.0864013,1.14503,0.224277,0.203258,-0.0750452,0.976245
773.175,127.186,0.265553,-0.096649,1.21727,0.265553,0.224286,-0.078414,0.971363
806.599,148.18,0.439175,-0.0850112,1.65482,0.439175,0.266971,-0.049584,0.962428
820.614,148.144,0.507105,-0.0914458,1.78016,0.507105,0.284264,-0.0493767,0.957474
859.33,140.799,0.288574,-0.0515636,0.876957,0.288574,0.330418,-0.0582066,0.942038
866.567,143.363,0.556427,-0.0920472,1.60763,0.556427,0.33889,-0.0546831,0.939236
895.122,147.96,0.640547,-0.085347,1.66368,0.640547,0.371391,-0.0480555,0.927232
915.678,131.29,0.691116,-0.123288,1.67389,0.691116,0.393422,-0.0687737,0.916782
944.867,131.007,0.729882,-0.11914,1.61536,0.729882,0.424181,-0.0680963,0.903014
1046.07,128.08,0.49613,-0.0660498,0.863952,0.49613,0.519893,-0.0676825,0.851546
1062.51,134.424,0.650873,-0.0737142,1.08105,0.650873,0.534138,-0.059584,0.843295
57.6799,151.625,-0.81341,-0.0542549,1.09667,-0.81341,-0.606892,-0.0370984,0.793918
80.9063,158.09,-0.79839,-0.0459248,1.12272,-0.79839,-0.590451,-0.0304334,0.806499
87.8612,153.977,-0.819453,-0.0541435,1.16603,-0.819453,-0.585245,-0.0352035,0.810092
125.162,154.146,-0.869469,-0.0613323,1.32647,-0.869469,-0.556574,-0.0358745,0.830023
162.275,176.663,-0.807218,-0.0208533,1.33337,-0.807218,-0.526252,-0.0101159,0.850269
185.06,168.007,-0.661949,-0.0329032,1.15764,-0.661949,-0.506267,-0.0206387,0.86213
189.152,159.997,-0.652335,-0.0453446,1.15213,-0.652335,-0.502481,-0.0303122,0.864057
220.102,158.981,-0.535862,-0.0410436,1.02683,-0.535862,-0.473869,-0.0321156,0.880009
279.101,151.894,-0.713595,-0.0774293,1.58723,-0.713595,-0.414838,-0.0421324,0.908919
316.677,153.859,-0.694985,-0.0799697,1.73964,-0.694985,-0.374388,-0.04041,0.926391
345.71,165.813,-0.667433,-0.0544513,1.85112,-0.667433,-0.341727,-0.0253565,0.939457
351.616,151.779,-0.632219,-0.0873996,1.79509,-0.632219,-0.334669,-0.0437837,0.941318
384.998,163.728,-0.517917,-0.0543475,1.6909,-0.517917,-0.295189,-0.0285472,0.955012
398.294,159.366,-0.490047,-0.0643557,1.70022,-0.490047,-0.278889,-0.0345101,0.959703
436.41,169.567,-0.553302,-0.0553311,2.32358,-0.553302,-0.231091,-0.0211745,0.972702
452.856,165.744,-0.516566,-0.0698121,2.39378,-0.516566,-0.209841,-0.0264739,0.977377
481.446,175.854,-0.421836,-0.0363374,2.38634,-0.421836,-0.172296,-0.0128273,0.984962
523.95,175.792,-0.234452,-0.0301715,1.98249,-0.234452,-0.115021,-0.0130218,0.993278
526.961,174.794,-0.218035,-0.0317234,1.91136,-0.218035,-0.11091,-0.0144068,0.993726
558.215,161.727,-0.0847432,-0.041355,1.19834,-0.0847432,-0.0679396,-0.0325816,0.997157
601.329,166.384,-0.00532318,-0.0130813,0.463163,-0.00532318,-0.00815358,-0.0261873,0.999624
614.365,172.414,0.00156673,-0.0058279,0.277883,0.00156673,0.00997515,-0.0178042,0.999792
693.631,154.568,0.299347,-0.11361,2.63235,0.299347,0.119277,-0.0422912,0.99196
713.453,154.813,0.558564,-0.166696,3.9458,0.558564,0.146101,-0.0418015,0.988386
758.165,159.021,0.220273,-0.0408034,1.11661,0.220273,0.205402,-0.0356389,0.978028
779.687,152.31,0.393989,-0.0788318,1.71881,0.393989,0.233102,-0.0444678,0.971435
804.629,152.225,0.428763,-0.0748701,1.63268,0.428763,0.264587,-0.0442107,0.963348
839.377,151.768,0.252375,-0.0385207,0.836799,0.252375,0.307056,-0.0442328,0.950663
845.6,153.422,0.262118,-0.0368196,0.845689,0.262118,0.314511,-0.0419423,0.948327
882.569,151.879,0.633729,-0.0789689,1.72046,0.633729,0.357391,-0.0432654,0.932952
900.373,151.875,0.647215,-0.0757138,1.65109,0.647215,0.377295,-0.0429068,0.925099
929.159,150.699,0.71861,-0.0788338,1.66751,0.71861,0.408368,-0.0437801,0.911767
954.144,160.812,0.75735,-0.0545158,1.63104,0.75735,0.434462,-0.0305595,0.900171
968.72,160.862,0.777537,-0.053608,1.60714,0.777537,0.449094,-0.0302524,0.892972
14.9688,182.75,-0.544715,-0.00573681,0.697737,-0.544715,-0.635849,-0.00264735,0.771809
51.3379,201.863,-0.744345,0.0174073,0.996027,-0.744345,-0.611603,0.0183166,0.790952
111.975,194.761,-0.843175,0.0112019,1.25437,-0.843175,-0.567276,0.0109339,0.823455
118.044,179.577,-0.882802,-0.0155175,1.32707,-0.882802,-0.562555,-0.00648534,0.826734
162.271,177.679,-0.806847,-0.0190029,1.33275,-0.806847,-0.526262,-0.00891452,0.850276
182.749,199.067,-0.763878,0.01961,1.32252,-0.763878,-0.508362,0.0165897,0.860984
189.292,187.715,-0.665667,-0.00147228,1.1753,-0.665667,-0.502584,0.00300533,0.864523
232.85,189.78,-0.529395,0.00232613,1.04777,-0.529395,-0.461867,0.00563193,0.886931
238.665,186.684,-0.507736,-0.00198825,1.02179,-0.507736,-0.456202,0.00181717,0.889874
287.044,185.506,-0.753999,-0.0050952,1.71425,-0.753999,-0.406836,0.000368978,0.913501
312.667,198.579,-0.70018,0.0259603,1.72852,-0.70018,-0.379071,0.0171991,0.925208
323.068,194.47,-0.69422,0.0168353,1.77477,-0.69422,-0.36755,0.0119721,0.929927
357.357,190.483,-0.569635,0.00667816,1.65669,-0.569635,-0.328277,0.00692132,0.944556
394.331,178.069,-0.501646,-0.021586,1.70767,-0.501646,-0.283913,-0.00953207,0.958803
422.939,194.4,-0.424315,0.0160312,1.66537,-0.424315,-0.24827,0.0123747,0.968612
448.849,177.869,-0.53454,-0.0302648,2.41474,-0.53454,-0.215104,-0.00997966,0.97654
456.961,181.941,-0.497179,-0.0164472,2.36509,-0.497179,-0.204566,-0.00445956,0.978843
493.59,185.927,-0.366012,-0.0031395,2.2865,-0.366012,-0.156096,0.00097797,0.987741
501.643,189.907,-0.330833,0.00917846,2.22076,-0.330833,-0.14527,0.00645705,0.989371
536.961,197.692,-0.200102,0.0299473,1.99281,-0.200102,-0.0972216,0.0172709,0.995113
551.953,193.708,-0.129727,0.015393,1.63057,-0.129727,-0.0766122,0.011778,0.996991
594.208,197.747,-0.0216325,0.0146424,1.00486,-0.0216325,-0.0180574,0.0174267,0.999685
606.324,189.533,-0.00370962,0.00235167,0.736279,-0.00370962,-0.00120919,0.00600545,0.999981
690.708,187.601,0.19602,0.00270938,1.79611,0.19602,0.115401,0.00329644,0.993314
752.047,199.035,0.207006,0.0181833,1.09616,0.207006,0.197501,0.0188422,0.980122
769.579,199.977,0.240533,0.0203642,1.13194,0.240533,0.220299,0.0200254,0.975227
790.382,199.761,0.380008,0.0284969,1.56389,0.380008,0.246894,0.019604,0.968844
839.388,198.242,0.187347,0.00929261,0.632735,0.187347,0.307324,0.017241,0.951449
852.014,192.242,0.267335,0.0059633,0.840171,0.267335,0.322373,0.00925252,0.946567
868.614,198.188,0.294719,0.0132184,0.865568,0.294719,0.341715,0.0169572,0.93965
912.111,198.241,0.198723,0.00744847,0.517844,0.198723,0.39044,0.0166785,0.920477
937.044,198.548,0.235595,0.00835341,0.562982,0.235595,0.416987,0.0168546,0.908756
965.94,192.675,0.297191,0.00556337,0.645729,0.297191,0.446516,0.0092838,0.894727
85.3013,211.749,-0.841528,0.0373511,1.19032,-0.841528,-0.587238,0.0298551,0.808864
91.0011,204.515,-0.85798,0.0265857,1.22566,-0.85798,-0.583135,0.0218027,0.812082
164.115,215.619,-0.787685,0.0484529,1.30706,-0.787685,-0.524363,0.0359807,0.850734
186.939,207.175,-0.760206,0.0343922,1.32895,-0.760206,-0.504521,0.0263629,0.862997
194.58,203.097,-0.716007,0.0259377,1.27652,-0.716007,-0.497694,0.021569,0.867085
239.004,225.845,-0.699746,0.0712821,1.39266,-0.699746,-0.455294,0.0502416,0.888922
243.997,224.793,-0.682374,0.0685429,1.37714,-0.682374,-0.450409,0.0490813,0.891472
283.771,216.131,-0.658793,0.0573592,1.48827,-0.658793,-0.409982,0.0391898,0.911251
309.171,227.453,-0.530899,0.0701443,1.30596,-0.530899,-0.382408,0.0541965,0.922403
322.879,206.642,-0.674965,0.0450082,1.72548,-0.674965,-0.367647,0.0277062,0.929553
370.379,204.576,-0.448975,0.0320935,1.38392,-0.448975,-0.312788,0.0255721,0.949479
389.599,223.304,-0.390499,0.0633104,1.31046,-0.390499,-0.289342,0.050647,0.955885
411.664,208.521,-0.379414,0.040582,1.41157,-0.379414,-0.262335,0.0312679,0.96447
443.069,202.461,-0.351569,0.0319709,1.5488,-0.351569,-0.222523,0.0233811,0.974647
454.223,211.523,-0.320363,0.0499866,1.51306,-0.320363,-0.208003,0.0357716,0.977474
488.726,204.019,-0.302439,0.042557,1.82395,-0.302439,-0.162551,0.0258009,0.986363
521.683,225.681,-0.266792,0.117804,2.19684,-0.266792,-0.117935,0.0558104,0.991452
539.943,201.629,-0.190548,0.0405494,1.97879,-0.190548,-0.0931201,0.0227268,0.995395
552.868,220.416,-0.141198,0.0836094,1.80083,-0.141198,-0.0752672,0.0487699,0.99597
578.026,214.219,-0.055081,0.046649,1.26117,-0.055081,-0.0405071,0.0402803,0.998367
605.386,225.755,-0.00710116,0.0569081,1.09042,-0.00710116,-0.00250904,0.0563051,0.99841
644.478,223.739,0.0559811,0.0603477,1.21362,0.0559811,0.0517237,0.0534416,0.99723
653.719,226.845,0.0740081,0.0681579,1.26257,0.0740081,0.0644803,0.0576937,0.99625
697.793,227.107,0.153439,0.070932,1.30606,0.153439,0.124836,0.0577208,0.990497
732.282,219.03,0.174264,0.0462401,1.07353,0.174264,0.171252,0.0462927,0.984139
757.826,223.602,0.191536,0.0477513,0.979008,0.191536,0.204811,0.0521925,0.977409
771.278,224.205,0.20255,0.0466266,0.948903,0.20255,0.222225,0.0528041,0.973564
800.194,220.2,0.160949,0.0280285,0.654386,0.160949,0.259015,0.0469499,0.964731
934.026,208.594,0.23248,0.0158305,0.561036,0.23248,0.413706,0.0295917,0.90993
956.381,202.109,0.288538,0.0135081,0.644421,0.288538,0.436836,0.0211341,0.899293
99.9317,249.392,-0.70454,0.0839384,1.03099,-0.70454,-0.575029,0.0727498,0.814892
125.005,253.533,-0.675804,0.0905003,1.03975,-0.675804,-0.555331,0.0786799,0.827899
152.218,240.999,-0.725053,0.0830832,1.17603,-0.725053,-0.533654,0.0654301,0.843168
163.311,253.204,-0.657661,0.0954229,1.0963,-0.657661,-0.523699,0.0802139,0.848119
212.006,236.694,-0.552186,0.0671403,1.03578,-0.552186,-0.480801,0.0626304,0.87459
239.355,230.704,-0.722911,0.0834385,1.43868,-0.722911,-0.454805,0.0562426,0.888813
253.429,229.759,-0.676683,0.0793685,1.40101,-0.676683,-0.440868,0.0555105,0.895854
286.624,229.282,-0.638339,0.0821851,1.45568,-0.638339,-0.406644,0.0558985,0.911875
310.194,231.635,-0.527796,0.0772683,1.3028,-0.527796,-0.38117,0.0595744,0.922583
321.478,253.074,-0.381833,0.0861157,0.989956,-0.381833,-0.36794,0.0873872,0.925734
366.742,252.809,-0.337201,0.0900488,1.03469,-0.337201,-0.315962,0.0888198,0.944605
385.377,228.401,-0.393546,0.0715557,1.29638,-0.393546,-0.294365,0.05731,0.953973
400.423,243.639,-0.349813,0.0937974,1.23701,-0.349813,-0.27559,0.0778693,0.958116
444.839,228.871,-0.331573,0.0835815,1.4782,-0.331573,-0.219915,0.0591336,0.973725
462.593,235.234,-0.254873,0.0828672,1.27872,-0.254873,-0.196746,0.0680565,0.97809
488.923,240.797,-0.185233,0.0815484,1.13532,-0.185233,-0.161873,0.0760724,0.983875
513.763,226.833,-0.315409,0.131292,2.38008,-0.315409,-0.128674,0.0573164,0.990029
548.74,226.541,-0.150157,0.0978594,1.78758,-0.150157,-0.0809129,0.0572051,0.995078
551.723,227.599,-0.137663,0.0967485,1.72396,-0.137663,-0.0768026,0.0586835,0.995318
590.329,250.248,-0.0284931,0.0889565,1.05362,-0.0284931,-0.023357,0.0900735,0.995661
603.445,252.524,-0.00900477,0.0849699,0.975062,-0.00900477,-0.0051901,0.093223,0.995632
650.724,230.85,0.0726491,0.0792862,1.33161,0.0726491,0.0603243,0.0632384,0.996174
674.951,247.811,0.108517,0.102611,1.25136,0.108517,0.093492,0.0863683,0.991867
698.036,252.155,0.141523,0.105648,1.20526,0.141523,0.124844,0.0919922,0.987903
709.189,239.766,0.146312,0.0787265,1.11117,0.146312,0.140085,0.0749211,0.987301
751.394,230.617,0.191385,0.0596412,1.02148,0.191385,0.196304,0.0618061,0.978593
768.923,231.414,0.186558,0.0522126,0.890621,0.186558,0.219067,0.0625759,0.973701
789.862,236.918,0.162947,0.0453843,0.697955,0.162947,0.245687,0.0695395,0.966852
875.26,256.031,0.158727,0.0412482,0.475506,0.158727,0.347926,0.0919108,0.933006
886.925,253.989,0.16809,0.0405334,0.481586,0.16809,0.361213,0.0888059,0.928245
951.458,254.771,0.203635,0.040456,0.473855,0.203635,0.430294,0.0869362,0.898493
1005.59,249.616,0.235003,0.0371645,0.472073,0.235003,0.483262,0.0781182,0.871983
11.7626,268.316,-0.53081,0.0700082,0.67742,-0.53081,-0.635382,0.088676,0.767089
76.9267,272.548,-0.653647,0.101477,0.919497,-0.653647,-0.590805,0.0973031,0.800926
101.879,255.735,-0.696952,0.0919766,1.02406,-0.696952,-0.573233,0.0799981,0.815478
113.88,270.333,-0.608196,0.100231,0.919885,-0.608196,-0.56315,0.0971667,0.820622
136.569,263.411,-0.633785,0.100577,1.00069,-0.633785,-0.545486,0.0906343,0.833205
171.013,262.829,-0.560931,0.0950915,0.957172,-0.560931,-0.516549,0.0919139,0.85131
185.416,271.099,-0.375604,0.0731948,0.676064,-0.375604,-0.503392,0.102502,0.857957
217.249,261.165,-0.483296,0.0894018,0.923397,-0.483296,-0.474772,0.0924715,0.875237
244.065,270.244,-0.343647,0.0773071,0.715185,-0.343647,-0.448393,0.104994,0.887649
283.827,259.348,-0.426746,0.0932565,0.979211,-0.426746,-0.408436,0.0936352,0.907972
311.066,258.206,-0.396083,0.0930358,0.991102,-0.396083,-0.379222,0.0934722,0.920572
325.466,257.084,-0.372576,0.0905728,0.979994,-0.372576,-0.363318,0.0926827,0.927044
356.359,254.901,-0.351973,0.0930147,1.0358,-0.351973,-0.328083,0.0911461,0.940242
369.733,255.841,-0.329951,0.0934427,1.02548,-0.329951,-0.312304,0.0928849,0.94543
409.831,272.742,-0.211498,0.0894113,0.798708,-0.211498,-0.262946,0.116613,0.957737
423.865,268.385,-0.202932,0.0875591,0.822611,-0.202932,-0.245579,0.111411,0.962953
516.775,276.391,-0.0973235,0.0925694,0.789316,-0.0973235,-0.12382,0.124857,0.984418
547.779,274.119,-0.0702931,0.0973299,0.848104,-0.0702931,-0.0817516,0.122328,0.989117
550.822,272.054,-0.0658106,0.0935583,0.835705,-0.0658106,-0.0776172,0.119567,0.989788
599.493,255.675,-0.0145453,0.0906601,0.992227,-0.0145453,-0.0106595,0.0975428,0.995174
604.544,256.755,-0.00761537,0.0903311,0.974048,-0.00761537,-0.00366592,0.099029,0.995078
634.353,277.893,0.0257513,0.0982203,0.822819,0.0257513,0.0374457,0.127775,0.991096
669.98,254.986,0.100437,0.115259,1.25711,0.100437,0.0866084,0.0962405,0.991583
695.962,254.233,0.137696,0.108624,1.20124,0.137696,0.122003,0.0948559,0.987987
718.382,270.115,0.128186,0.0987626,0.898751,0.128186,0.151827,0.115928,0.981585
760.071,278.592,0.156117,0.0960866,0.796648,0.156117,0.206358,0.126041,0.970325
821.951,261.869,0.146027,0.0515984,0.541285,0.146027,0.284766,0.101642,0.953193
876.29,264.245,0.161171,0.0468999,0.480662,0.161171,0.348739,0.102418,0.931607
887.039,262.276,0.168723,0.0459053,0.483246,0.168723,0.360977,0.0994011,0.927262
950.473,259.842,0.203136,0.0436479,0.474143,0.203136,0.429045,0.0932714,0.898455
1011.47,264.446,0.244579,0.047341,0.483144,0.244579,0.48794,0.0956269,0.867623
34.7714,300.614,-0.478526,0.0924715,0.63782,-0.478526,-0.618072,0.124601,0.776184
47.7358,298.326,-0.470356,0.0911502,0.64119,-0.470356,-0.609497,0.123228,0.783153
74.7576,309.279,-0.43952,0.0984218,0.630225,-0.43952,-0.589548,0.137371,0.795966
110.528,288.198,-0.431999,0.0857553,0.661669,-0.431999,-0.564525,0.117053,0.817074
126.75,289.655,-0.407435,0.0847249,0.646088,-0.407435,-0.551655,0.119919,0.825406
187.903,308.961,-0.348536,0.098985,0.63372,-0.348536,-0.498353,0.14708,0.854407
255.787,307.987,-0.315735,0.106321,0.680787,-0.315735,-0.434095,0.15166,0.888009
267.326,284.615,-0.317369,0.0887901,0.70565,-0.317369,-0.424124,0.124041,0.897069
288.754,292.829,-0.301667,0.097855,0.714886,-0.301667,-0.401278,0.135608,0.905862
389.092,297.125,-0.202852,0.099739,0.69978,-0.202852,-0.287162,0.147345,0.946482
407.874,299.043,-0.183178,0.100336,0.691339,-0.183178,-0.264135,0.150842,0.952617
420.829,303.126,-0.16383,0.0996704,0.663003,-0.16383,-0.247849,0.156811,0.956024
445.459,301.721,-0.140464,0.0967032,0.653518,-0.140464,-0.216807,0.156177,0.963641
493.721,287.234,-0.120716,0.103064,0.784964,-0.120716,-0.15441,0.138824,0.978205
501.115,282.923,-0.113766,0.0992821,0.789689,-0.113766,-0.144682,0.133265,0.980463
554.021,300.464,-0.0485421,0.0970743,0.66158,-0.0485421,-0.0728402,0.15788,0.984768
596.957,297.172,-0.0121503,0.098408,0.688972,-0.0121503,-0.0140685,0.153872,0.987991
602.395,299.446,-0.00725085,0.0995253,0.683252,-0.00725085,-0.00659109,0.156933,0.987587
644.838,287.651,0.0359605,0.105191,0.797347,0.0359605,0.0517749,0.140883,0.988671
656.944,308.546,0.038589,0.101612,0.647687,0.038589,0.0680538,0.168703,0.983315
700.735,296.517,0.0883699,0.107351,0.750235,0.0883699,0.127544,0.151758,0.980154
721.053,282.561,0.128194,0.111218,0.879987,0.128194,0.15506,0.132569,0.97897
932.706,300.596,0.186618,0.0657126,0.461073,0.186618,0.408161,0.144676,0.901373
955.314,301.704,0.20307,0.0674411,0.468037,0.20307,0.43129,0.144318,0.890596
971.131,300.421,0.210762,0.0662645,0.464844,0.210762,0.447138,0.141542,0.883195
26.739,316.129,-0.465273,0.100897,0.613325,-0.465273,-0.622019,0.140288,0.770332
65.8255,313.434,-0.442528,0.100907,0.624538,-0.442528,-0.595567,0.141054,0.790825
87.1064,317.494,-0.425195,0.10432,0.624565,-0.425195,-0.579759,0.147456,0.801334
106.565,315.504,-0.411914,0.103288,0.628193,-0.411914,-0.565273,0.147112,0.81168
166.257,315.348,-0.363012,0.103292,0.628223,-0.363012,-0.516745,0.152506,0.842447
197.054,331.927,-0.349595,0.121062,0.648659,-0.349595,-0.487952,0.174546,0.855241
223.047,323.095,-0.333536,0.115775,0.659724,-0.333536,-0.464707,0.166795,0.869613
255.74,311.016,-0.315821,0.10911,0.680915,-0.315821,-0.433893,0.155309,0.887477
518.519,340.654,-0.0579054,0.0951632,0.493279,-0.0579054,-0.119701,0.209826,0.970384
546,321.182,-0.0457592,0.0941118,0.551872,-0.0457592,-0.0833517,0.185201,0.979159
549.971,325.261,-0.0429978,0.0974971,0.554044,-0.0429978,-0.0778951,0.190641,0.978564
617.362,329.402,0.00506266,0.105009,0.577295,0.00506266,0.0138687,0.196641,0.980377
671.623,315.205,0.0504361,0.105819,0.640095,0.0504361,0.0878572,0.177254,0.980236
692.917,321.448,0.0642604,0.10426,0.604673,0.0642604,0.11637,0.184933,0.975837
954.689,315.761,0.233774,0.0869527,0.532661,0.233774,0.429515,0.161358,0.888527
959.546,317.794,0.241718,0.0900637,0.542227,0.241718,0.434216,0.16338,0.885869
999.478,313.642,0.236314,0.0768545,0.481474,0.236314,0.473239,0.154929,0.867203
152.265,361.861,-0.402556,0.15228,0.67214,-0.402556,-0.523592,0.203308,0.827356
182.539,339.611,-0.307166,0.107897,0.557022,-0.307166,-0.500139,0.181841,0.846637
272.614,354.979,-0.214238,0.105209,0.497456,-0.214238,-0.412615,0.209358,0.88652
291.967,349.826,-0.199755,0.10079,0.492504,-0.199755,-0.393046,0.205247,0.896319
332.878,354.736,-0.178794,0.106812,0.504777,-0.178794,-0.348172,0.215163,0.912404
377.106,352.854,-0.147646,0.103768,0.496759,-0.147646,-0.297587,0.216819,0.929748
390.319,350.611,-0.140107,0.102965,0.499453,-0.140107,-0.282073,0.215118,0.934965
418.867,345.99,-0.123752,0.101594,0.506375,-0.123752,-0.247696,0.211459,0.94548
487.435,353.151,-0.0781265,0.104321,0.498467,-0.0781265,-0.160134,0.224554,0.961214
532.028,344.505,-0.0495342,0.0983948,0.496343,-0.0495342,-0.101558,0.215222,0.97127
553.392,353.404,-0.0353955,0.102517,0.489737,-0.0353955,-0.0726819,0.227212,0.971129
592.184,348.212,-0.0139599,0.12279,0.593865,-0.0139599,-0.0203571,0.221085,0.975042
624.76,344.028,0.0102053,0.111273,0.556368,0.0102053,0.0238555,0.215661,0.976177
636.227,365.215,0.017134,0.121744,0.537662,0.017134,0.0391501,0.242711,0.969308
697.146,342.053,0.05925,0.106342,0.539432,0.05925,0.121354,0.211587,0.969796
848.594,352.502,0.153203,0.106442,0.507778,0.153203,0.310868,0.215425,0.925718
856.873,352.582,0.160485,0.107685,0.51325,0.160485,0.320444,0.214801,0.922592
877.4,360.651,0.183579,0.119265,0.539371,0.183579,0.343013,0.222706,0.912548
929.532,350.294,0.193824,0.0994502,0.481988,0.193824,0.400458,0.205085,0.89307
972.696,365.714,0.205522,0.101643,0.453061,0.205522,0.442287,0.218417,0.869871
996.193,356.655,0.223348,0.0984358,0.461344,0.223348,0.465788,0.205281,0.860756
