7.803414548114520242e-05 -8.566488864334642628e-03 -9.999633039163033921e-01
9.357551316382972315e-03 4.633242514230546949e-02 -9.988822466205882211e-01
3.062166663635655650e-02 -4.636969580766169691e-02 -9.984548887371510473e-01
-1.434853385588578424e-02 1.389299437414100689e-02 -9.998005322480614243e-01
-2.726190222503626498e-02 3.866039223788236834e-02 -9.988804546886906888e-01
-6.036929558839172760e-03 3.768255800807228124e-03 -9.999746775442472924e-01
1.089202216516214732e-03 1.746856202469567257e-02 -9.998468197575671734e-01
3.608259566844106148e-02 -2.575865166059259758e-04 -9.993487779244111247e-01
-1.053648379496137551e-02 2.215265207387078980e-02 -9.996990759800333803e-01
-2.514493533630229871e-02 -1.071916666102136137e-02 -9.996263460378714827e-01
-2.648896984487613543e-02 2.887520982146649443e-02 -9.992319834424454594e-01
2.579544296339714290e-04 4.957546494713493436e-03 -9.999876780202169302e-01
2.847103506660026220e-02 1.523917556605792860e-02 -9.994784478368220482e-01
2.209967698799642465e-03 -7.786875460011029662e-03 -9.999672397700538617e-01
8.300145207632165026e-03 1.508451091305966843e-02 -9.998517715741899181e-01
3.097189494021268183e-02 2.929173402617669952e-02 -9.990909548392238326e-01
-2.605661163256218701e-02 2.104647554076571891e-02 -9.994388920076814342e-01
1.321082903768621255e-03 2.300393958196001246e-03 -9.999964814576091099e-01
2.117611392775770388e-03 1.290362679687706918e-02 -9.999145024138194060e-01
2.463785076389365947e-02 -4.925360471528823086e-03 -9.996843087364937208e-01
1.942404284088876387e-02 -3.639702669885639015e-03 -9.998047104930992690e-01
4.271628742372557061e-03 1.570150013564954386e-02 -9.998675992757128927e-01
9.911797287205871901e-03 1.382373003464033509e-02 -9.998553199150698179e-01
-4.782974396319478877e-02 -6.124032704466875893e-02 -9.969763978830576967e-01
6.024262419660402629e-03 -1.394647092347991307e-02 -9.998845954464342656e-01
1.452440263448227277e-02 2.223337584450022289e-02 -9.996472971636889415e-01
-4.816560096149169468e-02 4.291611997429663899e-02 -9.979169712608209064e-01
-1.064402284569918901e-02 1.243597349208048000e-02 -9.998660166947190842e-01
2.717580416614075525e-02 4.758920667147169964e-02 -9.984972423979465717e-01
2.708258742567391103e-02 -1.110082359560057332e-02 -9.995715608068438396e-01
-5.097962249782187275e-03 -4.749864305098522310e-03 -9.999757244903413334e-01
3.587062334728050635e-03 2.462965144426474198e-02 -9.996902086414274358e-01
7.167221920081874934e-03 2.971671706694574444e-04 -9.999742709798192797e-01
4.792489736268611654e-03 1.614393987452513628e-03 -9.999872128053343134e-01
-1.936399621974234028e-02 2.091862433267323643e-02 -9.995936408393315542e-01
-1.152128728191706246e-02 1.259880159505066474e-02 -9.998542544479850358e-01
2.446330082197360756e-02 6.447733260086763521e-03 -9.996799356037413542e-01
2.861028099779365161e-03 1.050684400644093242e-02 -9.999407086158842439e-01
3.390760654964274697e-03 -7.009341201045271889e-04 -9.999940056988041448e-01
-1.764604960128377323e-02 -5.095977837630439634e-03 -9.998313097434723407e-01
1.439233515196924364e-02 1.414897855807225116e-02 -9.997963128030811220e-01
5.614574275403297170e-03 2.359501596112992955e-02 -9.997058326215267909e-01
5.155368780465852986e-03 1.344593766642922933e-02 -9.998963090906015649e-01
-1.776629021631986882e-02 -1.960926014461185016e-02 -9.996498566240732409e-01
1.214725283184944250e-02 1.652944603216978045e-02 -9.997895886947956168e-01
-4.855290342948991728e-02 4.542311407793341721e-02 -9.977872299623951058e-01
3.419454184821588139e-02 9.759105303340709012e-03 -9.993675465870746066e-01
7.641662324698820369e-03 6.921425162656381566e-03 -9.999468480227501344e-01
6.043750997114254869e-02 -6.172174362437393355e-03 -9.981528999367420552e-01
3.347716577411815123e-03 8.857124424425391607e-03 -9.999551710655070202e-01
1.453460923979541311e-02 1.168653376731706300e-02 -9.998260699055370182e-01
1.973433071757786303e-02 2.527028508741123794e-02 -9.994858522674195944e-01
-1.665882765818579511e-02 -1.478818380438152481e-02 -9.997518657551096588e-01
-5.027209761566008538e-03 1.347872152097295308e-02 -9.998965202600582636e-01
-2.548907646958573081e-02 1.747929097576457827e-02 -9.995222765740202631e-01
-8.785543115607211129e-03 4.588142225120270430e-03 -9.999508803851745453e-01
1.853556454949701476e-02 2.615573618762244076e-02 -9.994860230695149506e-01
4.317072960070583026e-02 2.486439841792793815e-02 -9.987582539318797803e-01
2.162806265084550247e-02 -8.379846834969095206e-04 -9.997657349037529784e-01
3.462772476951944678e-02 1.023627208124245659e-02 -9.993478570603757660e-01
9.200072599729032172e-03 -1.392788007814261229e-02 -9.998606767048539012e-01
8.625492698646823565e-04 3.399495170904977270e-02 -9.994216323789757439e-01
-9.374685734874158016e-02 6.093800810763811554e-02 -9.937293826314625989e-01
3.232672973334137917e-02 4.285433160215482845e-02 -9.985582050174541813e-01
-1.092000782245728698e-02 2.328486310408052484e-02 -9.996692295851571375e-01
9.140546798303816325e-04 2.796690105357005351e-03 -9.999956715048805567e-01
1.593267436181067601e-02 1.483115920371514199e-02 -9.997630652331354062e-01
6.275354264469547305e-02 1.074941016719939586e-02 -9.979711634444141666e-01
2.759522948794634542e-02 3.616100128592457993e-03 -9.996126385402335224e-01
1.978915624048990102e-02 2.545778613098820947e-02 -9.994800100155071254e-01
9.970795406547626472e-03 2.241103485140043608e-02 -9.996991191132710286e-01
-6.398503526836752872e-03 5.132254283401162936e-02 -9.986616322607313467e-01
1.553827961412689897e-02 2.309270974938505000e-02 -9.996125692602427781e-01
3.015952005479314094e-02 3.201143185358136002e-03 -9.995399722033988521e-01
-1.364353153167709512e-02 2.074536729229258664e-02 -9.996916943654439169e-01
1.691680868301704416e-02 2.972717698696995467e-02 -9.994148870876237156e-01
4.747463101042231383e-03 2.947065424280345333e-02 -9.995543717740449363e-01
2.622580657582220670e-02 1.746472834992403994e-02 -9.995034718964767029e-01
9.866163571402779969e-03 4.643815748064014301e-03 -9.999405451283992496e-01
-8.919988108319811676e-03 6.256017794966721793e-03 -9.999406462653153138e-01
3.234672509971133619e-02 1.553309056338246508e-02 -9.993559988677075401e-01
-7.607423656239808984e-02 8.613241572514238054e-02 -9.933750135234927781e-01
1.008518489568186599e-02 2.508054297157094950e-02 -9.996345609320794745e-01
-9.213901594492434483e-03 7.332626584334345221e-02 -9.972654424750103663e-01
-2.911719886094191884e-02 1.337798967272791142e-02 -9.994864772085756410e-01
-5.655310079349847724e-02 5.946523035683270314e-02 -9.966271284533896324e-01
1.375327057315883506e-01 -5.258765682530174013e-02 -9.891002442643377357e-01
-2.800166125730550303e-03 3.879909351306778768e-03 -9.999885526210258169e-01
-1.458456018040664090e-02 2.485612391277631714e-02 -9.995846455945474052e-01
-5.024597850652085668e-02 -1.977178922465114633e-02 -9.985411448682414148e-01
-4.572701653315513343e-02 3.574957937730325816e-03 -9.989475760192423337e-01
-9.528258091929434070e-03 4.844281742670874386e-02 -9.987805092899522119e-01
-4.261086418454406582e-02 -2.700084788800113933e-02 -9.987268237444986152e-01
6.683412324892971587e-03 2.876327771874803013e-02 -9.995639078390984311e-01
-6.502389025830988822e-02 6.222055869797338268e-02 -9.959420142613661930e-01
-7.272191913841556665e-02 4.860138768387595176e-02 -9.961673692668453484e-01
-7.060188059920891046e-02 -2.025502747869632313e-03 -9.975025171870361973e-01
-2.700493467041454460e-02 3.201924510358859777e-02 -9.991223656021533950e-01
-4.871820799819277098e-02 2.940559789782543759e-02 -9.983796106800840731e-01
-4.630428784549981552e-02 -1.087799408580771530e-02 -9.988681505442997821e-01
-1.725520967180320386e-02 4.253863757239214477e-02 -9.989458053631672385e-01
-5.721343700085011058e-02 3.053406059904333926e-03 -9.983573004380662530e-01
-7.566328421413776040e-02 2.215495406752292576e-02 -9.968872681663643043e-01
-1.336522154285985087e-01 6.363756495725984841e-02 -9.889829855145830795e-01
-1.416960836908587040e-01 -3.106204579435873150e-02 -9.894227454317705561e-01
-1.160889385914480459e-01 3.865003538195782747e-03 -9.932313024086387721e-01
-3.077954189555377751e-02 -3.458030311118531503e-03 -9.995202158171025975e-01
-1.365816563176129594e-01 8.564454529127171756e-03 -9.905917934629561161e-01
-2.101384431571370892e-01 5.709752073060847533e-02 -9.760029240908618675e-01
-9.662886523454104759e-02 -2.366130115891292365e-02 -9.950391978364231393e-01
-1.068866222702191116e-01 1.517081744703725199e-01 -9.826290652013761617e-01
-1.397974445016403611e-01 5.736522346478972745e-02 -9.885170234485826102e-01
-1.341098364944669219e-01 7.048209917156241303e-03 -9.909414082035279403e-01
-2.905955373742528935e-02 4.147921669818283724e-02 -9.987166850106625748e-01
-1.566864799133269037e-01 -1.553378953801458524e-02 -9.875262266871493999e-01
-1.167135690212830895e-01 1.431549091765177417e-02 -9.930624398929309704e-01
-9.598402157468806373e-02 5.608479884168137558e-02 -9.938015712108920763e-01
-1.473675034012951468e-01 6.484858821651001692e-02 -9.869536359665507241e-01
-1.142966205014632891e-01 4.708830160801721204e-02 -9.923300733090866244e-01
-1.689294385104659138e-02 -3.878672210999073444e-02 -9.991047085446087550e-01
-3.413975540222763394e-02 3.520183228048611584e-02 -9.987969303643120522e-01
-4.256929774164485564e-02 2.866526384075910802e-02 -9.986822104847581372e-01
-1.257300033095488656e-01 -1.476646456841060155e-02 -9.919545946221179911e-01
-4.978301784964408311e-02 1.220604614450061277e-02 -9.986854677881821241e-01
-4.155519737850239814e-02 -6.977299306495635470e-03 -9.991118470247569716e-01
1.528733094927352439e-03 -9.535617229029394112e-03 -9.999533664022467461e-01
-1.204090192584505829e-02 -1.271632350072052220e-02 -9.998466441397086957e-01
4.990289779104781220e-02 3.055288582683812759e-02 -9.982866431840650145e-01
-8.660645764479835140e-02 -3.909610587370881268e-02 -9.954751709609493959e-01
2.291145690464890805e-02 -1.289297193456435432e-02 -9.996543584745684052e-01
-1.736284609606028248e-02 1.431054801808394339e-02 -9.997468378498961528e-01
-2.598377964481128882e-03 4.062415105794351528e-02 -9.991711198702528662e-01
1.892294150948193492e-03 -5.160834751390977644e-03 -9.999848923896376141e-01
2.635990902216110016e-02 1.639543030711833674e-02 -9.995180563958752096e-01
1.380833282788304812e-02 8.916608913321043273e-03 -9.998649028893861201e-01
1.885263859390135313e-02 1.693893710393927152e-02 -9.996787736207248809e-01
1.416994615137893293e-02 -1.596113024233890287e-02 -9.997722015276551133e-01
8.387610289465130889e-03 -3.826085620298397077e-04 -9.999647501808853756e-01
3.262616658127871772e-02 1.892694951854462975e-03 -9.994658328127230540e-01
-7.877335844277440560e-03 3.707002070310649704e-03 -9.999621021396994935e-01
-3.882234485037606986e-02 1.047709422861106687e-02 -9.991912009404622097e-01
-1.064135223107543805e-02 2.894906244623437347e-02 -9.995242435309802387e-01
3.277720539402590588e-02 -1.340993863721304420e-02 -9.993727174344434472e-01
-7.458661066737936468e-03 2.295647852879562978e-04 -9.999721574499466081e-01
-3.747570842741033970e-02 2.683912637954665933e-02 -9.989370513566139254e-01
-8.637794185247463924e-03 4.013031810628547164e-02 -9.991571178149618593e-01
7.964937074528220459e-03 -2.477611083564321137e-02 -9.996612946939871236e-01
7.157996023463830508e-03 1.068248043553545953e-02 -9.999173204343809740e-01
2.970159149716403504e-02 -4.207094718577171488e-03 -9.995499566387688883e-01
1.224341591343231818e-02 1.170567481738918510e-02 -9.998565276797667378e-01
8.349074157749465999e-03 8.666076205525556631e-03 -9.999275934205977823e-01
-5.800617595720740372e-02 8.843874823871129137e-03 -9.982770504368621012e-01
1.477230301530169931e-01 -5.760133665063252306e-02 -9.873499847462759993e-01
3.216363551867455761e-02 1.067407267100273227e-02 -9.994256174037345897e-01
-9.916432950919186473e-02 3.072368646437959733e-02 -9.945966473113766471e-01
1.592320681427474571e-01 -5.729189406773997628e-02 -9.855773878032685342e-01
1.650936245372455757e-02 2.510301414853790061e-02 -9.995485379070042642e-01
1.929271642588843011e-02 -6.674737948771533591e-03 -9.997915977673673682e-01
8.913652056106032354e-03 -1.622895941570512424e-02 -9.998285691473843828e-01
6.909877287780412380e-02 -7.287687205106163982e-03 -9.975832041499004266e-01
1.727734260919691067e-01 -3.129936079354032289e-03 -9.849566217537611967e-01
3.326525456473054115e-02 2.352881465078103876e-02 -9.991695640480012797e-01
5.888957829805700935e-03 1.155361509380958655e-02 -9.999159135417052813e-01
2.898230750367530861e-02 -1.992002829436836583e-02 -9.993814178403128690e-01
4.525845908668120476e-02 6.962582061084514329e-02 -9.965459934119275109e-01
-1.988473958173783349e-02 2.815884670046972516e-02 -9.994056616230797552e-01
-5.941983196654285204e-02 1.587758627544795520e-02 -9.981068008099801547e-01
1.446627987030925030e-02 3.224615614586319023e-03 -9.998901582678229039e-01
1.443894714666234085e-02 2.259346409431481004e-02 -9.996404614587759418e-01
6.075216511009300796e-02 2.316768385301057331e-02 -9.978839776543778628e-01
-1.707204039131270806e-02 1.846237469262260525e-02 -9.996837930853870180e-01
-7.375052955106107914e-03 2.973029021689256590e-02 -9.995307491205703831e-01
5.795700888961809877e-02 1.864902305636706795e-02 -9.981448787924586119e-01
-2.064891894277210913e-02 1.140434272930199514e-02 -9.997217428431810493e-01
5.682540810623292263e-03 1.748175542610614155e-02 -9.998310342038585485e-01
-1.866693696153484683e-02 1.767074128010261147e-02 -9.996695905983565833e-01
-6.006577617638391743e-03 2.318879728028116691e-02 -9.997130591854932469e-01
-1.086446978526340972e-02 4.230804665628636746e-03 -9.999320294840876588e-01
1.186506303125744143e-02 1.430681394953861076e-02 -9.998272527561335998e-01
5.618092250438367491e-02 -6.964845036279393442e-03 -9.983963115317368020e-01
4.358886150254866199e-02 2.885965503785778170e-03 -9.990453855336216549e-01
-2.525782954119409549e-02 1.872698005534282825e-02 -9.995055488914881270e-01
5.564267032101418570e-02 4.251086657527579360e-02 -9.975453470707815740e-01
3.889130775812910806e-02 -8.180673260045698281e-02 -9.958891126436215657e-01
-1.382580234724180637e-02 -2.090742451491293952e-02 -9.996858140383949598e-01
1.305588951392684660e-02 -1.658414745646101182e-02 -9.997772300878543517e-01
5.199767922691183458e-02 -1.409620569443943879e-02 -9.985477146035812712e-01
9.075235070717080355e-02 -2.822696715317916591e-02 -9.954733794363642696e-01
3.055532759763629133e-02 2.890283547616065776e-02 -9.991151075110611401e-01
-6.120643598587881956e-02 4.492929286733194499e-02 -9.971133991860445800e-01
3.732007203580781085e-02 -9.163128893974357633e-03 -9.992613518455091270e-01
2.357679150378808736e-02 1.816068006918101010e-02 -9.995570642048464682e-01
8.350679429291867073e-02 1.790644409127913408e-02 -9.963463125675358079e-01
9.646892642437636389e-02 -1.658257878241126484e-02 -9.951978518442720079e-01
9.834147219357960296e-03 1.582854840858530579e-02 -9.998263582261397442e-01
4.334846450954392416e-02 5.805062429309888576e-03 -9.990431481547012993e-01
1.021115900905825435e-01 -2.112753710163650905e-04 -9.947729281257560174e-01
1.337314851503763023e-02 -3.040792685135433257e-02 -9.994481061482868300e-01
5.178594252644200951e-02 3.897273760517421665e-02 -9.978974606041476347e-01
1.732064743128996775e-01 1.437383099927361761e-02 -9.847806406700424509e-01
4.406505882752064646e-02 9.238036807966308606e-02 -9.947482788042375512e-01
2.795477683757176951e-02 2.092566069781335095e-02 -9.993901376221008270e-01
1.597450217295663666e-01 1.767714157581827539e-02 -9.870000236567011420e-01
8.413191831208063909e-02 2.402573031786745320e-02 -9.961649384533779461e-01
4.808959494209494312e-02 2.709449060108450394e-02 -9.984754776344650917e-01
1.375478940047343279e-01 -2.731523240750189860e-02 -9.901184045018992519e-01
6.349600410428694018e-03 1.408697660645939417e-02 -9.998806127056953930e-01
1.322221362962765212e-01 -1.491063661279794228e-02 -9.911079555674296993e-01
6.197556438532270118e-02 -1.053346895189196525e-02 -9.980220816449705268e-01
6.794603591862097280e-02 -8.272105280720833814e-03 -9.976547040319962978e-01
1.520947199951683260e-01 -8.952290342490450831e-03 -9.883253779232906711e-01
1.199097285738387753e-01 -8.238243931108122156e-03 -9.927506173910343179e-01
9.959793289546765849e-02 2.867931601283209633e-02 -9.946143718024520464e-01
8.769045522015615768e-02 3.067490912725841581e-02 -9.956753657760727405e-01
5.719347077953130382e-02 2.359311672294367446e-02 -9.980843009202622351e-01
4.287539841921111233e-02 1.389420774467099370e-02 -9.989838092789801172e-01
2.414946708083595683e-02 5.630453170673429056e-03 -9.996925033413046613e-01
-1.565168025359154821e-02 1.159008188766117754e-03 -9.998768332176006801e-01
4.244485369625299043e-02 1.925952271550560382e-02 -9.989131619812978702e-01
1.370354236236439281e-02 -1.494736032102328242e-02 -9.997943735319559933e-01
1.869979803234994922e-02 -3.550378929722292076e-03 -9.998188397719882659e-01
3.514079977492168272e-02 2.824258559135716523e-02 -9.989832233577767839e-01
1.585954872840477856e-02 7.384008684031140822e-03 -9.998469638549118965e-01
1.193335661488084502e-02 9.463260450101658450e-03 -9.998840141244160762e-01
-3.702686067450457891e-02 -1.727418451118969620e-02 -9.991649584218135205e-01
-6.103306734390259031e-02 -8.012381998195121022e-03 -9.981035850177624180e-01
6.408054085200261263e-02 1.358308689877251070e-02 -9.978522856788049067e-01
-7.906612564781333174e-02 -9.297577528874323427e-02 -9.925240818159029033e-01
-2.145248231089112029e-02 -5.123893644294137163e-03 -9.997567387702985808e-01
-2.605078396739055752e-02 1.974580555663769596e-02 -9.994655871102333666e-01
-1.552392874540906367e-02 1.603425030796794618e-02 -9.997509242073090441e-01
-8.954208176356567850e-02 -1.922663476008783234e-02 -9.957974453217125488e-01
-2.386545287355597549e-03 3.995619610421601714e-02 -9.991985822620409463e-01
-6.843394829423846484e-03 4.525609610336962275e-03 -9.999663428360295869e-01
1.754238590565108252e-02 -1.122818448473471807e-02 -9.997830727562424524e-01
-6.566330431453148986e-02 -6.533193780404874043e-03 -9.978204487008296431e-01
4.155983325595510869e-03 1.082273591286210708e-02 -9.999327958367791869e-01
1.111616867811076985e-02 1.073114718689759453e-02 -9.998806295123298105e-01
-1.369583623223140367e-02 4.927108746450982110e-03 -9.998940682238797173e-01
2.771637668596964657e-02 1.712689469707387099e-02 -9.994690950406804886e-01
1.202410998195203168e-02 2.515572633007901078e-03 -9.999245434898924589e-01
1.765967301000900824e-02 2.957344519147273119e-03 -9.998396821803855472e-01
-1.201684774482445579e-03 1.746393965215917990e-03 -9.999977530283861160e-01
1.410010646788335993e-02 -1.407126404754457417e-02 -9.998015735763264855e-01
1.831379243049372982e-02 -1.630574132697011625e-02 -9.996993186986727897e-01
1.135221660266777337e-02 2.024350266948299684e-02 -9.997306276081955323e-01
1.100195497588483777e-02 2.476255544606942305e-02 -9.996328190063035191e-01
-2.013371572774069404e-02 2.957361132551739914e-03 -9.997929223124787379e-01
1.049892409042265870e-02 6.338088190801157177e-04 -9.999446839097272388e-01
-7.440808811885686429e-03 1.055503271596294583e-02 -9.999166093472944272e-01
2.132027601618041376e-02 2.325752881029736346e-02 -9.995021426611511162e-01
2.586972357752287312e-03 -1.088672040564423078e-02 -9.999373914865017365e-01
1.180056806890091708e-02 4.551520814375193888e-03 -9.999200119267178666e-01
1.021404861969688917e-02 2.552409681804651206e-02 -9.996220254138149519e-01
6.172152733919870383e-03 8.814107247390443045e-03 -9.999421063461928494e-01
1.847315225783984632e-02 -6.156995212413171430e-03 -9.998103990535470720e-01
-1.019313336171123047e-02 1.388733388086631736e-02 -9.998516099851776362e-01
-1.722911609252471971e-02 2.091602897973261418e-02 -9.996327712167049073e-01
1.200444982525579983e-02 8.237185673217043910e-03 -9.998940153619172433e-01
4.876407754848569032e-02 -1.553867868642891913e-02 -9.986894483299224579e-01
4.175253305962400852e-02 2.839141272323074394e-02 -9.987245134003090996e-01
6.888942598353241242e-02 1.128287490344247537e-02 -9.975604962715658441e-01
8.588974503183302578e-02 3.749993037488114772e-02 -9.955986675966606025e-01
-6.792463685069462243e-02 -2.804489371300925016e-02 -9.972962085786385433e-01
-2.714704677799770552e-02 1.689821135872186537e-03 -9.996300227362932000e-01
6.065754815538011019e-02 3.224412436896519074e-02 -9.976376989145190333e-01
3.901083614601939809e-02 4.985575050680929321e-02 -9.979942679217106427e-01
2.479315275086048376e-02 1.825881469841234700e-02 -9.995258452198632071e-01
2.195908573594094332e-02 1.039775102403581869e-03 -9.997583295083757315e-01
-5.300611444698862668e-02 -1.146849544253751053e-02 -9.985283298151922393e-01
8.409358476908972840e-03 1.244045368910833005e-02 -9.998872525450137605e-01
1.586175589429292265e-02 2.084328238023525071e-02 -9.996569222886257933e-01
5.869981926259075500e-02 -7.740867303295381231e-03 -9.982456662525172053e-01
3.301561914243127116e-02 1.104918481107998798e-03 -9.994542250887691326e-01
8.393942787322157539e-02 1.587971251665576747e-02 -9.963443215970594347e-01
2.107342627723550813e-02 1.992121580059532000e-03 -9.997759459781716540e-01
-7.027049329727651054e-03 1.366735140665472151e-02 -9.998819050684157883e-01
1.939211279000530724e-02 6.797532409443168833e-03 -9.997888474646444701e-01
7.768035640548610898e-02 3.194165875437629531e-02 -9.964665035337292309e-01
8.663882395665838121e-03 2.892670496848610828e-03 -9.999582839295000358e-01
-6.430891450002469527e-03 -4.312479422223015370e-03 -9.999700226288743554e-01
2.349814234482982406e-02 1.457691931955383720e-02 -9.996176022507273773e-01
4.133639254568460819e-02 2.338223893601201059e-02 -9.988716501901774292e-01
7.585151528316939895e-02 2.493448811115991925e-02 -9.968073128402908933e-01
3.766075776300439881e-02 8.873928587746481370e-03 -9.992511799923659011e-01
1.277879653184536834e-02 1.416597766746476895e-02 -9.998179971554436163e-01
4.658854816726241965e-02 3.970476336998465111e-02 -9.981247612124449775e-01
-4.588371789043575733e-02 -1.955194351538096925e-02 -9.987554284895387990e-01
-3.204707410738075885e-02 -5.031687249288291364e-03 -9.994736950838583045e-01
-3.979409518345025480e-03 -2.346520448680603464e-03 -9.999893290138995861e-01
8.132587691022047371e-02 2.684521148113077141e-02 -9.963259689305087319e-01
3.415032713642604523e-02 3.851352541611275521e-02 -9.986743530883817055e-01
-7.999080973352031346e-03 1.927236954310686387e-05 -9.999680066542916412e-01
3.195920798785899242e-02 -1.338850019177773715e-02 -9.993994982425215001e-01
3.131675644259811209e-02 5.884339110914672127e-03 -9.994921887234251567e-01
-3.872720746969973357e-03 3.384240585201137713e-02 -9.994196784135099820e-01
2.149415818845079942e-02 1.800881407303555476e-02 -9.996067645726756101e-01
3.430422283311866660e-02 1.929136857245604712e-03 -9.994095750625975327e-01
-2.462044730716800647e-02 7.952051569725650249e-03 -9.996652431940542538e-01
-1.136093858377509695e-02 8.246748147326350697e-03 -9.999014552542115908e-01
-6.558151409564400014e-02 1.811181492235354115e-02 -9.976828289437186248e-01
2.738092689666524193e-02 2.000483711007678203e-02 -9.994248802858967107e-01
2.694073743064621246e-02 9.335859066589381750e-03 -9.995934365541732092e-01
-5.580613700965495610e-02 -1.168217182708831264e-02 -9.983732778542613318e-01
1.450212991228931603e-02 1.712136767551113506e-02 -9.997482418073696531e-01
8.181682864136410882e-03 -3.286752443798625443e-03 -9.999611279064221092e-01
9.642872210752191989e-03 2.329182072890181518e-02 -9.996822025537215328e-01
2.808980852034366135e-02 1.869322799144067238e-02 -9.994306008345704706e-01
-3.121814871025151844e-02 -2.466583972772084382e-02 -9.992081982958460618e-01
6.303252369909033426e-02 -1.852107766159558078e-02 -9.978396016586918993e-01
5.676037518433148243e-02 5.508745770414557458e-02 -9.968669077728622430e-01
3.738236636806648722e-02 5.801738846961959628e-03 -9.992841930657540006e-01
-2.085241015714625265e-02 8.274381881731325897e-03 -9.997483241271842846e-01
-1.134111668863246880e-01 3.284864303723249168e-02 -9.930049717277827925e-01
7.691970103654109658e-02 -3.457161086648778692e-02 -9.964377367977115263e-01
-2.488853114562713381e-02 1.774702690980908479e-02 -9.995326928386464305e-01
-8.993186379521553309e-02 3.442102249710953660e-02 -9.953529289074163344e-01
4.838021205774266364e-02 6.343065497297713587e-03 -9.988088508825625489e-01
-5.945402126948036090e-03 4.189160828543342374e-02 -9.991044716889264654e-01
1.263126711358382795e-02 2.271696619482398150e-02 -9.996621381937041972e-01
1.043530476435640744e-02 5.366207633698866393e-03 -9.999311517450124587e-01
4.784825887774832309e-02 -1.337245471736338807e-02 -9.987650982974927150e-01
1.126859802613444511e-01 -2.585505944523207571e-03 -9.936272867688119570e-01
-1.657000446040862024e-02 4.229387491865176096e-02 -9.989677988286446153e-01
-1.545560151495309169e-02 2.754740609015252084e-02 -9.995010079032012884e-01
3.662274191414478970e-03 8.649656898861038043e-03 -9.999558846185560013e-01
1.217612494391846420e-02 2.382411658223077336e-02 -9.996420126477409962e-01
1.211331397643744534e-02 1.478501228808051793e-02 -9.998173188318701943e-01
3.205668374687679206e-02 6.733069436179863441e-03 -9.994633734175156770e-01
3.430590176397586843e-02 8.498796820962982793e-03 -9.993752426174846715e-01
2.889043387149592759e-03 6.252962458241828961e-03 -9.999762766630030386e-01
-3.684808763323980940e-02 -2.203882593121128317e-02 -9.990778290950845797e-01
1.624419087009641716e-02 2.107479961696701043e-02 -9.996459268581454616e-01
-1.813164629426919361e-02 5.564103913501461385e-02 -9.982861905118367574e-01
-3.932090952177933613e-02 1.844737228775947995e-03 -9.992249311436023351e-01
5.148461911253105622e-02 -3.315158500157147636e-02 -9.981233923752719228e-01
3.454883612319830516e-02 1.547505443863300342e-02 -9.992831934004763328e-01
3.331238736781638038e-02 2.688659468555126136e-02 -9.990832777471914117e-01
-8.644220494657531284e-03 1.852042928375094086e-02 -9.997911137588618713e-01
2.825464098962385609e-02 6.773550880300320196e-03 -9.995778080124724241e-01
2.531120210822587757e-02 2.771987196497861447e-02 -9.992952275209172619e-01
-1.544914553082476182e-02 9.686275350671805229e-03 -9.998337361642677390e-01
3.768873798083658896e-03 7.424635625961626025e-03 -9.999653345872124843e-01
1.112896475926002798e-02 2.673696424820639099e-04 -9.999380354086253586e-01
1.537473566973618713e-02 -2.559004630383129950e-03 -9.998785271213634918e-01
5.729517817313290601e-02 1.612304725666247746e-02 -9.982270833358852791e-01
1.285495982191770317e-02 3.419089641827784132e-02 -9.993326436227787379e-01
7.218610055855416083e-03 2.190950804552979983e-02 -9.997338971576708033e-01
-2.505991645848971300e-02 6.183042512118333556e-03 -9.996668297849973239e-01
2.448854371421759629e-02 1.965554032733116130e-02 -9.995068638889867962e-01
3.856619571323608581e-02 2.097384326292787635e-02 -9.990359084872729722e-01
-5.579464548293119365e-03 4.594233745036365585e-03 -9.999738809547230600e-01
2.849585193503804265e-02 2.294849054311554407e-02 -9.993304524551871459e-01
-1.366210608955356343e-01 2.015744524337689109e-02 -9.904182768512699298e-01
-5.822901452396104377e-02 6.315945999245270448e-02 -9.963032994430111033e-01
-1.542417840801058211e-02 4.812772710511482172e-02 -9.987220917773540485e-01
1.631098490226359082e-02 2.220672017310802715e-02 -9.996203346024287173e-01
6.832932570674236060e-03 2.420316961188949054e-02 -9.996837087865455551e-01
1.648615185289857869e-03 -1.614218885220053759e-02 -9.998683472372903447e-01
-2.081283446979564911e-01 -3.523688973502157873e-02 -9.774665998053797544e-01
6.091418249801732604e-02 3.624338072931245630e-02 -9.974847766877991129e-01
-3.755118667460942417e-02 -1.032288466247408693e-02 -9.992413854677828500e-01
1.953675995531453484e-03 2.768676316321446243e-02 -9.996147389347801449e-01
7.767609178552717375e-02 4.880902754619062534e-02 -9.957831609315962451e-01
-4.116273703728845490e-02 5.470094360200347672e-02 -9.976539659865284460e-01
1.050923426387566084e-01 1.436672863219455587e-02 -9.943586861023073764e-01
-3.274176071093422985e-02 1.352736889910690146e-02 -9.993722966923863638e-01
3.657107666266815049e-02 5.758654612730809697e-02 -9.976704596493074506e-01
5.681707673963500710e-03 5.150046127189229772e-03 -9.999705971791347237e-01
-2.471183442347739748e-02 4.734508073810746176e-02 -9.985728659288358733e-01
2.012519871363190396e-02 4.826253564163628107e-03 -9.997858188898616216e-01
1.078701108235386417e-02 -1.205054321555536212e-02 -9.998692038462427822e-01
-3.040089127939896510e-02 -1.790248837415382710e-02 -9.993774495751999165e-01
-1.428758831828684690e-02 2.245237432096416214e-02 -9.996458151302380912e-01
3.341149471075204741e-02 -1.060670905423733486e-03 -9.994411173242893076e-01
1.509563611652679771e-02 3.184268743674855545e-02 -9.993788896244722997e-01
-4.216682182785148891e-02 1.712027349702372955e-02 -9.989638909251550292e-01
-3.335176693808138831e-02 1.392769780443840928e-02 -9.993466259891891079e-01
-3.648507791971348363e-02 2.395767913505484140e-02 -9.990469802264827504e-01
-8.525196780195230112e-03 9.254572874151486411e-03 -9.999208338167456800e-01
-1.927065255662166812e-02 6.417528696586931834e-03 -9.997937073594085344e-01
4.926318333864431603e-02 5.138213526003757893e-03 -9.987726155282314888e-01
-3.337761617603848124e-02 -5.804202814926285800e-03 -9.994259582220625937e-01
-2.907402967227303795e-03 1.107793425663114277e-02 -9.999344110393399987e-01
-1.912259165655016621e-02 8.868972481968181651e-03 -9.997778092233550185e-01
1.673156314515735280e-02 -6.831878867779450290e-03 -9.998366767756899920e-01
-1.061730724814144086e-02 1.700872672995667675e-02 -9.997989677939381759e-01
-5.469203782860885404e-02 1.015287324496947328e-02 -9.984516513898036294e-01
1.860443415859227428e-02 2.446642740327914164e-03 -9.998239289839685462e-01
7.180824894223489241e-03 1.416206011407238757e-02 -9.998739279565017624e-01
-1.178634950980691131e-03 9.614391727882266522e-03 -9.999530860452179315e-01
-7.779676216082537406e-03 2.038782017238509672e-02 -9.997618783623384298e-01
3.562278125220742515e-03 3.595969984169357370e-02 -9.993468918057701877e-01
-5.388150423994329200e-04 -2.415188518050613228e-02 -9.997081554736751974e-01
5.523135640035425203e-02 1.511560309529502190e-02 -9.983591617315096256e-01
-1.054257201464571525e-02 -1.287960626964970191e-02 -9.998614753642900421e-01
-3.514820862156801257e-02 6.502686726996630140e-02 -9.972643129901666015e-01
1.012342937553088740e-02 3.687898091787954191e-02 -9.992684608973393390e-01
-8.890309205364808898e-02 4.693020989557363659e-02 -9.949340659674176246e-01
-3.488013767643901447e-02 2.576490376589950226e-02 -9.990593304351881310e-01
6.837918176673569992e-02 3.143249079171879512e-02 -9.971641219094979913e-01
2.279234738416422990e-01 4.593060799882011519e-02 -9.725951209628891370e-01
-8.572687784318151760e-02 -2.175633557254131809e-02 -9.960811032630402240e-01
-2.027164729693409911e-02 3.980729844909435683e-02 -9.990017213729180945e-01
-2.005487517590355193e-02 6.203160568895542404e-02 -9.978726781896221087e-01
-9.145917513996533466e-02 7.742505436357845217e-02 -9.927943292744545456e-01
2.898748818408505498e-02 -4.328059042766217029e-02 -9.986423363852598989e-01
4.944774050733773130e-02 1.003092822177762203e-02 -9.987263396134741233e-01
-2.844820433272979981e-02 1.411050616731511498e-01 -9.895858028692909869e-01
1.030156698504239854e-01 4.499782753956822062e-02 -9.936613946823071863e-01
-1.202086314333716544e-01 3.651112431298821764e-02 -9.920770245955287114e-01
3.483712817096242670e-02 1.516506867905130507e-02 -9.992779369088259367e-01
1.780788840147770960e-02 -4.270789694879667531e-02 -9.989288836793595028e-01
1.839260644269478107e-01 4.222714778049701384e-02 -9.820326220725756894e-01
2.399786213847278638e-01 8.210595362392325569e-03 -9.707434508674682716e-01
6.625821530839817730e-02 2.868749528092316703e-03 -9.977983860381269832e-01
1.078189874170861762e-01 -2.428318971247906549e-02 -9.938739319701176411e-01
2.034932104653231488e-01 3.034340755567293754e-02 -9.786060447965903020e-01
1.188931507401741750e-01 4.864450492008691798e-03 -9.928951383849579093e-01
1.375671517018323964e-01 3.636970507037634581e-02 -9.898244911729244810e-01
9.859720579993448697e-02 7.533420879617926114e-02 -9.922718115483777357e-01
1.473199842709220497e-01 -5.320734065105224737e-03 -9.890745735400460203e-01
4.787952701718844323e-02 1.380757177112745121e-02 -9.987576792467707243e-01
1.321589443696881416e-01 2.747420121103196639e-02 -9.908477086267624134e-01
5.893249855754784106e-02 4.145296423929262231e-02 -9.974009285986957796e-01
4.739526607148342174e-02 -8.938923533614331896e-02 -9.948684603303257212e-01
1.398566908701559253e-01 -1.046075533273264774e-01 -9.846305732637599117e-01
6.121569163925107832e-02 2.826183065059921506e-02 -9.977243647548179606e-01
4.977976989808959724e-02 -1.620486202991316613e-02 -9.986287483121465414e-01
8.637376310736476215e-02 -3.805895189724462641e-02 -9.955355790865315635e-01
2.380888152396314766e-02 1.666374655761575577e-02 -9.995776391612817280e-01
5.247457099837311151e-02 8.901975304025368588e-03 -9.985825825810419332e-01
3.521825079210941928e-02 -3.840084173457765631e-03 -9.993722672581447641e-01
7.312876614741263548e-02 -3.815529347224806429e-03 -9.973152085963382651e-01
2.335014881433172124e-02 -3.898108332314152279e-03 -9.997197483804038942e-01
7.465866827633087233e-02 -2.309833489161118233e-02 -9.969415981773653845e-01
2.230426067688641711e-01 6.342410166786391357e-02 -9.727432235144968242e-01
2.167721249455047388e-03 3.663452611597733163e-03 -9.999909400087318989e-01
1.811056191842721954e-04 -1.741719730075221018e-02 -9.998482927119199948e-01
6.795144260723288976e-02 4.362365035910918676e-02 -9.967344574042488192e-01
1.952875155422339895e-03 7.248951655755639031e-03 -9.999718190921781380e-01
4.015015734112532299e-03 1.617379195632375269e-02 -9.998611344093780717e-01
6.872512473564705571e-02 -1.653693477426851355e-02 -9.974985649204420879e-01
1.164475482689068461e-02 1.196592334721479148e-02 -9.998605984653410328e-01
1.589468996249259955e-02 1.840591632735278510e-02 -9.997042468025965078e-01
1.141376682159697536e-01 -2.277098797340625785e-03 -9.934623332141426788e-01
5.719788057834278988e-02 -1.649596817772379896e-03 -9.983614982999317045e-01
1.226750458666052944e-02 2.300551480955449063e-02 -9.996600695334207920e-01
-5.524258773442642517e-02 2.449956369218422858e-02 -9.981723437760119388e-01
-4.313448057801379937e-02 -1.317304156362409523e-02 -9.989824260522444099e-01
-2.807709089805388025e-02 -4.662873233077421270e-02 -9.985176204193532135e-01
2.756179188627435467e-02 -5.608649786486429208e-03 -9.996043670750895949e-01
2.362561646444989033e-02 -8.891607286955255721e-03 -9.996813340092577382e-01
7.199550098529218511e-03 -6.021710519373703330e-03 -9.999559517702765188e-01
2.240824071700257825e-02 4.709004565154314287e-02 -9.986392733857928361e-01
5.925985143037450220e-02 3.180095165001034507e-02 -9.977359217160639560e-01
5.920116258103590851e-02 1.581243142232334128e-02 -9.981208290390337634e-01
-2.224309624726861917e-02 -1.534055767252324141e-02 -9.996348893269135782e-01
7.419485512129007920e-02 3.116169134033612217e-02 -9.967567769854090987e-01
-9.607274117679767689e-03 7.789730941448993334e-03 -9.999235072623742226e-01
-1.067342107321863354e-01 1.783581172403335066e-02 -9.941276035195493188e-01
2.740438368010288811e-02 7.427152357917569947e-03 -9.995968373114062500e-01
-6.053184394454656780e-02 1.920156656440232326e-02 -9.979815608066843202e-01
5.553032235016432117e-02 1.069005458384140496e-02 -9.983997726525589700e-01
-2.007974589562005682e-02 1.342697474271537308e-02 -9.997082175085016953e-01
3.286367323961508768e-02 3.662069743554752232e-02 -9.987887181484049748e-01
3.747925403564210389e-02 4.978803182600009510e-04 -9.992972819097029058e-01
1.998021307212646813e-02 -2.092042170085355642e-03 -9.997981868583034615e-01
3.396539663287690552e-02 1.393252904557531861e-02 -9.993258910215253588e-01
-3.188768513480742806e-02 -2.938990862776378818e-03 -9.994871374207133785e-01
7.907595772078856999e-02 2.699478260447424685e-02 -9.965030228868737572e-01
5.600453017445564119e-03 1.291909825254376060e-02 -9.999008609988994101e-01
2.751214890745513897e-02 -1.278543175625060889e-02 -9.995397012611855203e-01
1.673112143601282117e-02 6.263265897529635313e-03 -9.998404078030604936e-01
-2.309073825934188084e-02 -1.163220257592601815e-02 -9.996656989563417195e-01
-3.938832250037274489e-03 2.226007166307310617e-02 -9.997444547533438364e-01
-2.468873470623254851e-02 1.081105842856934333e-02 -9.996367277137527818e-01
6.301190189314610779e-02 7.311813815556368439e-03 -9.979859906825021554e-01
-5.333482241753994407e-02 9.129537718335838797e-03 -9.985349509450026639e-01
1.040558702585545406e-02 -1.021227778806778862e-02 -9.998937109218293262e-01
4.877781319705633278e-02 5.445776919270237451e-03 -9.987948079828300463e-01
-3.542661113921302674e-02 3.447474913633908483e-02 -9.987774761653254174e-01
4.308350822791196660e-02 8.137014263483543716e-03 -9.990383377616954830e-01
1.682494360753160681e-02 3.694825396927631234e-02 -9.991755340285436437e-01
-6.619288101923562206e-02 2.077653750494695001e-02 -9.975905161897234974e-01
4.001467961967650200e-02 1.034048013819865476e-02 -9.991455849301673631e-01
-5.257382599525488309e-02 -1.289676927824466579e-02 -9.985337581486187775e-01
2.062773054950364088e-02 6.287265255713256340e-03 -9.997674564757453863e-01
-5.054721340874892416e-02 -1.122108463101966630e-02 -9.986586336062557301e-01
7.848686927008614519e-03 -3.929508200161256626e-02 -9.991968247767846201e-01
7.468980655568795146e-02 6.259557041915747577e-02 -9.952402862427617292e-01
-8.243813280679693212e-02 2.139258826517590611e-02 -9.963665547511344478e-01
-2.237018454474905271e-02 2.008177438829155184e-02 -9.995480464594245218e-01
-5.299391231450681361e-02 -1.323328384294594068e-02 -9.985071484252551199e-01
-6.309435607440061489e-02 3.219007208379346622e-03 -9.980023748589724741e-01
8.127912424670410974e-02 1.417648000151788650e-02 -9.965905535255967784e-01
